2.644163984438942134e+04 2.062582444535664763e+04 2.193624926406153099e+04 2.359152232661321978e+04 2.317770269774990811e+04 2.484595623370141766e+04 2.423628097928122224e+04 2.227301945780758979e+04 2.112520336424584093e+04 0.000000000000000000e+00
2.064750858958132812e+04 2.214412884540341111e+04 2.322779492793386089e+04 2.291626881486780985e+04 2.514801813523067176e+04 2.461012795574900883e+04 2.222568215560725002e+04 2.125791077772064818e+04 0.000000000000000000e+00 0.000000000000000000e+00
2.070412190002177886e+04 2.238909961401588953e+04 2.287735783063463896e+04 2.268891511115378307e+04 2.545586136942043959e+04 2.500031404054469022e+04 2.221350642413096284e+04 2.142210376971666847e+04 0.000000000000000000e+00 0.000000000000000000e+00
2.079501668515702113e+04 2.266844533584004967e+04 2.254218470867291762e+04 2.249784904179504156e+04 2.540380428935768941e+04 2.223696731875700789e+04 2.161652585306809124e+04 0.000000000000000000e+00 0.000000000000000000e+00 0.000000000000000000e+00
2.415025354491997132e+04 2.091923666523956854e+04 2.297920982469609953e+04 2.222426420925444108e+04 2.234495308168833071e+04 2.229617243191893067e+04 2.183969789345747995e+04 0.000000000000000000e+00 0.000000000000000000e+00 0.000000000000000000e+00
2.388109626042022865e+04 2.107554285155801699e+04 2.331826524018765849e+04 2.192558093969926995e+04 2.223173196380570880e+04 2.239085985953026830e+04 2.208995092607228798e+04 0.000000000000000000e+00 0.000000000000000000e+00 0.000000000000000000e+00
2.363804679547090200e+04 2.126244530786304313e+04 2.368237469019421769e+04 2.164809324709241264e+04 2.215926838262754973e+04 2.361194107300430187e+04 2.252040613682222101e+04 2.236546084279997012e+04 0.000000000000000000e+00 0.000000000000000000e+00
2.342311748366975007e+04 2.147823872413951176e+04 2.406824987539584981e+04 2.139370713626273937e+04 2.212818844657832960e+04 2.275109440467394961e+04 2.326197488729680117e+04 2.268384419222582801e+04 2.266428191553299985e+04 0.000000000000000000e+00
2.323811178543481947e+04 2.172104078596136969e+04 2.447259852343466991e+04 2.116424736620236945e+04 2.213864155742170988e+04 2.240315011465933276e+04 2.292605309243407828e+04 2.287988775000570968e+04 2.298437953569115052e+04 0.000000000000000000e+00
2.308458544584294214e+04 2.198883037184623026e+04 2.489216740162932183e+04 2.096142720039346023e+04 2.219029440508883999e+04 2.208574853061786052e+04 2.260599044410837087e+04 2.310696502493843218e+04 2.332366098720111040e+04 0.000000000000000000e+00
2.296381026949895750e+04 2.227948608498587055e+04 2.532377364802648299e+04 2.078681641673450213e+04 2.228234153827245245e+04 2.180221223002191982e+04 2.230359310117435962e+04 2.336325599056097781e+04 2.368000302464728156e+04 0.000000000000000000e+00
2.287674462333727934e+04 2.259082060170344994e+04 2.576433171554932051e+04 2.064180928911010051e+04 2.241352947558544838e+04 2.155566876805964057e+04 2.202063901221273045e+04 2.364673125748799066e+04 2.405127565940982095e+04 0.000000000000000000e+00
2.282400661937557015e+04 2.292061383959333034e+04 2.621087008759332093e+04 2.052759453143315113e+04 2.258219413102605904e+04 2.134897346370080049e+04 2.175885835314809083e+04 2.395519507233858894e+04 2.443536279109654788e+04 0.000000000000000000e+00
2.280585949278638145e+04 2.326663989909545126e+04 2.044512685918966963e+04 2.278631000214929009e+04 2.118463043553212992e+04 2.151990798449705835e+04 2.428632313350675031e+04 2.483018055302736320e+04 0.000000000000000000e+00 0.000000000000000000e+00
2.282220418627075924e+04 2.362669238016109739e+04 2.039510447955648851e+04 2.302354288891285978e+04 2.106471626861124241e+04 2.130534820391898029e+04 2.463770189283788932e+04 2.523368960922225961e+04 0.000000000000000000e+00 0.000000000000000000e+00
2.287258069511517169e+04 2.399146478038033092e+04 2.399860382956267858e+04 2.037795072139699187e+04 2.329131059710004774e+04 2.099081249648303856e+04 2.111661471503004213e+04 2.500686382975228116e+04 2.564390878711665209e+04 0.000000000000000000e+00
2.295618050777698954e+04 2.369686365498576924e+04 2.438026207098272062e+04 2.039380360618698978e+04 2.358684009386827165e+04 2.096395046294158965e+04 2.095499365186153955e+04 2.539131660241615100e+04 0.000000000000000000e+00 0.000000000000000000e+00
2.307186809854385865e+04 2.342201754585421077e+04 2.476962192912941100e+04 2.044251225913764210e+04 2.390722567664480812e+04 2.098457561291028833e+04 2.082159589830657933e+04 0.000000000000000000e+00 0.000000000000000000e+00 0.000000000000000000e+00
2.321820762804957121e+04 2.316859302914471846e+04 2.516471655075855961e+04 2.052364122433118973e+04 2.424948107806854023e+04 2.105253187966312908e+04 2.220324822558681990e+04 2.483493444857774011e+04 2.071733347388543916e+04 0.000000000000000000e+00
2.339349894437803960e+04 2.293814796533450135e+04 2.556366208405702855e+04 2.063648254737424213e+04 2.461058642077067998e+04 2.116706840447276045e+04 2.204023313997459991e+04 2.468048319122310932e+04 2.064289936455025963e+04 0.000000000000000000e+00
2.359581415387972083e+04 2.273210768118429769e+04 2.268623308492283104e+04 2.596466411578508269e+04 2.078007407369273278e+04 2.498752922178445078e+04 2.132686916801000189e+04 2.191836056672912673e+04 2.454416830587514050e+04 2.059875174591223913e+04
2.382304024163255235e+04 2.255174061068207084e+04 2.238544807315342041e+04 2.636601616828350961e+04 2.095322335391493107e+04 2.537733792571589947e+04 2.153010033686627139e+04 2.183910513015799006e+04 2.442647144036583995e+04 2.058510369806858216e+04
2.407291870724508772e+04 2.239813603408832932e+04 2.211350952527968911e+04 2.115453649606354884e+04 2.577711167349589959e+04 2.177447444116745828e+04 2.180346147063526951e+04 2.432774049661133176e+04 2.060191786872384910e+04 0.000000000000000000e+00
2.434308501064001030e+04 2.227218217941574039e+04 2.187318564031935239e+04 2.138244826396061035e+04 2.205732297728921185e+04 2.181191319097412998e+04 2.424818617702170013e+04 2.064890796620380206e+04 0.000000000000000000e+00 0.000000000000000000e+00
2.463110660243936945e+04 2.217454886668647669e+04 2.166704845184756050e+04 2.163525449684710111e+04 2.562814983016591941e+04 2.237567474213364039e+04 2.186441679634400134e+04 2.418787942129186922e+04 2.072554654349416160e+04 2.525668801318766782e+04
2.493451696535435985e+04 2.210567405429859718e+04 2.149741318703879006e+04 2.191114388873167991e+04 2.531865914275652904e+04 2.272633374157816797e+04 2.196040435662636810e+04 2.414675213854698814e+04 2.083107757858917830e+04 2.491327855209758854e+04
2.525084330902007787e+04 2.206575362947570829e+04 2.136627894154981914e+04 2.220822805749295003e+04 2.502585315276850088e+04 2.310595311457102071e+04 2.209880349149601898e+04 2.412459901351195003e+04 2.096453482254443952e+04 2.457526514322034927e+04
2.557763661757034060e+04 2.205473741902699112e+04 2.127527327647505081e+04 2.252456975469863028e+04 2.475168291760918873e+04 2.351110223235774174e+04 2.227807327211144002e+04 2.412108019670952126e+04 2.112476363017112089e+04 2.424429325594205147e+04
2.591248572203918957e+04 2.207233125116091833e+04 2.122560454665201178e+04 2.285820822435977971e+04 2.449801324249580284e+04 2.393832471429570069e+04 2.249625320622311119e+04 2.413573103892197832e+04 2.131044564180312955e+04 2.392206336629077123e+04
2.211800364009926125e+04 2.121802529497107025e+04 2.320718129848911849e+04 2.426659565420892250e+04 2.438418772269976762e+04 2.275102159119170028e+04 2.416796709926630865e+04 2.152012597543749871e+04 2.361032348791282857e+04 0.000000000000000000e+00
2.342358176306631140e+04 2.219099745103804162e+04 2.125280879081939929e+04 2.356954435526362067e+04 2.405904210647514992e+04 2.484532145060244875e+04 2.303976001284153972e+04 2.421709604130127991e+04 2.175223912726194976e+04 2.331085990603002938e+04
2.324950964524332085e+04 2.229034751469637195e+04 2.132974137251077991e+04 2.394338456785136077e+04 2.387679748684596052e+04 2.531844783892967098e+04 2.335961807259387933e+04 2.428232657021319756e+04 2.200513614104491717e+04 2.302548264526746061e+04
2.310339100518124906e+04 2.241489998668558110e+04 2.144813050123339053e+04 2.432683488153307917e+04 2.372111519758432041e+04 2.580040376513015144e+04 2.370757741908440948e+04 2.436278252119054014e+04 2.227710938779356002e+04 2.275601267880956948e+04
2.298683185462607071e+04 2.256333591236469147e+04 2.160682854380301069e+04 2.471808228851519743e+04 2.359303232999953980e+04 2.628815793261054205e+04 2.408051092688262725e+04 2.445751358534716928e+04 2.256641578419613870e+04 2.250426347937680111e+04
2.290118290774678098e+04 2.273419711028206075e+04 2.180426988028551932e+04 2.511537547371349137e+04 2.349334890406466002e+04 2.447523666405979748e+04 2.456550932574841136e+04 2.287129690373053018e+04 2.227202123648374254e+04 0.000000000000000000e+00
2.284750917827329977e+04 2.292590987533652151e+04 2.203851722977076133e+04 2.551702925706341193e+04 2.342261161749938765e+04 2.488856267137553004e+04 2.468571086196171018e+04 2.318999827070720130e+04 2.247271792218942937e+04 2.206102065735293218e+04
2.282656636191371217e+04 2.313681338591350868e+04 2.230731884111188992e+04 2.592142868167854976e+04 2.338110179657933259e+04 2.531732689224309797e+04 2.481702487506236139e+04 2.352078407303069253e+04 2.224020297143642892e+04 2.187292317180694954e+04
2.283878090194141987e+04 2.336518232661265210e+04 2.260816497668125157e+04 2.632703125479363007e+04 2.336882868910982870e+04 2.575842724925754010e+04 2.495833390033901742e+04 2.386194949272159283e+04 2.204197938690131923e+04 2.170928820975801136e+04
2.288423921585011703e+04 2.360925091546927069e+04 2.293834746430538871e+04 2.338552905656642906e+04 2.510850799864434885e+04 2.421183169806595834e+04 2.187979195113942114e+04 2.157154769123905862e+04 0.000000000000000000e+00 0.000000000000000000e+00
2.296268786834766070e+04 2.386723384803470981e+04 2.329501587922469844e+04 2.343067327051335815e+04 2.332146223410677339e+04 2.526641661247625962e+04 2.456881744231207995e+04 2.175506303639560792e+04 2.146097846839254998e+04 2.505505505622160126e+04
2.307353864420017999e+04 2.413734610044238070e+04 2.367523100166683071e+04 2.350347621709527084e+04 2.303244285431451135e+04 2.543093624630732666e+04 2.493134815014164269e+04 2.166885316323590087e+04 2.137867688908652781e+04 2.469354161237958033e+04
2.321588406751212096e+04 2.441781806020925796e+04 2.407600962709274972e+04 2.360291368727254303e+04 2.275788432500970157e+04 2.560096041768271243e+04 2.529792565086080140e+04 2.162182908858426890e+04 2.132553489768979125e+04 2.433886127288809075e+04
2.338851950341302290e+04 2.470691078548669248e+04 2.449436571356730929e+04 2.372774388201676993e+04 2.249937728056656852e+04 2.566711334653033919e+04 2.161424285935481021e+04 2.130222056876032002e+04 2.399263759620513156e+04 0.000000000000000000e+00
2.358997116868968078e+04 2.500292744564748864e+04 2.492734335036664925e+04 2.387653178912651856e+04 2.225849797417466107e+04 2.164592320032306088e+04 2.455730033248047766e+04 2.130916225271128133e+04 2.365654423517659961e+04 0.000000000000000000e+00
2.381852908770661088e+04 2.530422211243620768e+04 2.537204357182567765e+04 2.404767508211745007e+04 2.203679152195471761e+04 2.613339161254061037e+04 2.171627982034267188e+04 2.438110994731201936e+04 2.134653819012334861e+04 2.333229778820673164e+04
2.407228113162611044e+04 2.560920960328600995e+04 2.582564689940491007e+04 2.423943373313935081e+04 2.183575229621354811e+04 2.631493549915145923e+04 2.182432032431177140e+04 2.422364488145101132e+04 2.141427250935971097e+04 2.302164752627204143e+04
2.434915051150898944e+04 2.591636315392376127e+04 2.444995594219391205e+04 2.165680328210483276e+04 2.196867780804150243e+04 2.408651015888257098e+04 2.098141701278508117e+04 2.151203605129535208e+04 2.272636289160775050e+04 0.000000000000000000e+00
2.464692949532374041e+04 2.467730774501597261e+04 2.150127371256475817e+04 2.214764976679317988e+04 2.397119079130459795e+04 2.087602598733166815e+04 2.163925448706825773e+04 2.244821746023516971e+04 0.000000000000000000e+00 0.000000000000000000e+00
2.496331856528002027e+04 2.653147274370811283e+04 2.491949981999164083e+04 2.137037790544496238e+04 2.235924203345902060e+04 2.387902765390504283e+04 2.081775098474729020e+04 2.179512108774558146e+04 2.218897229914166019e+04 0.000000000000000000e+00
2.529595092655244662e+04 2.517450884456617132e+04 2.126519207934596125e+04 2.260121865599422745e+04 2.381119486034911824e+04 2.080725381870010096e+04 2.197861443274694102e+04 2.195035445780092050e+04 0.000000000000000000e+00 0.000000000000000000e+00
2.564243596257994068e+04 2.544030358265428004e+04 2.118663428025068060e+04 2.287115254638256738e+04 2.376867537050672036e+04 2.084459642273585996e+04 2.218851979458389178e+04 2.173403433987874087e+04 0.000000000000000000e+00 0.000000000000000000e+00
2.571486131496490270e+04 2.113544553153185916e+04 2.534086288192326901e+04 2.316647500207325720e+04 2.375224435082557102e+04 2.092923793178386040e+04 2.242345322769461927e+04 2.154160085987139973e+04 0.000000000000000000e+00 0.000000000000000000e+00
2.599618753439261127e+04 2.111217355984507958e+04 2.490984281323942196e+04 2.348452377766352947e+04 2.376245200274879971e+04 2.106005339728530089e+04 2.268188697355156182e+04 2.137453513035082142e+04 0.000000000000000000e+00 0.000000000000000000e+00
2.628233294600090085e+04 2.111716104806607837e+04 2.449470370957973864e+04 2.382258499559402117e+04 2.379961205582509865e+04 2.123537450885526778e+04 2.296217586563778968e+04 2.123418353022349038e+04 0.000000000000000000e+00 0.000000000000000000e+00
2.550057814485780182e+04 2.657138011393310080e+04 2.115053743504552767e+04 2.409842906882708121e+04 2.417793226658107960e+04 2.386379474071208097e+04 2.145304642820867957e+04 2.326258247611987827e+04 2.112173095391604875e+04 0.000000000000000000e+00
2.686151169653842953e+04 2.121221567394604062e+04 2.372402091723249032e+04 2.454785850604718144e+04 2.395482686516968170e+04 2.171049817661799898e+04 2.358130168170226170e+04 2.103817635917398002e+04 0.000000000000000000e+00 0.000000000000000000e+00
2.469288836163482119e+04 2.130189393642498908e+04 2.479389788895124002e+04 2.337446029988271039e+04 2.492970335347161745e+04 2.407229339886292655e+04 2.200482000750990846e+04 2.391648339444930753e+04 2.098431005659859875e+04 0.000000000000000000e+00
2.429834251669877995e+04 2.141906200583694954e+04 2.436535026238674982e+04 2.305266715436603772e+04 2.532087415377354046e+04 2.421554644067588015e+04 2.233284256855165950e+04 2.426625296806012921e+04 2.096069536140136188e+04 0.000000000000000000e+00
2.391289531201925274e+04 2.156301242400892079e+04 2.394648230977764979e+04 2.276144774041042911e+04 2.571886767555887855e+04 2.438371748210300939e+04 2.269121460568996918e+04 2.462872921748778026e+04 2.096765532893893032e+04 0.000000000000000000e+00
2.353882834343659124e+04 2.173285416410521066e+04 2.353971450912964065e+04 2.250344185032887981e+04 2.612125313323746013e+04 2.457573611090316990e+04 2.307647393233703770e+04 2.500203972622369838e+04 2.100526431976004096e+04 0.000000000000000000e+00
2.317848924429678300e+04 2.192753174215877152e+04 2.314753206290413073e+04 2.228106336883313998e+04 2.479034509116907066e+04 2.348511087312004020e+04 2.538433542536410096e+04 2.107334654245799175e+04 0.000000000000000000e+00 0.000000000000000000e+00
2.283427803919321013e+04 2.214584347141997932e+04 2.277246700031546789e+04 2.209644167018225198e+04 2.502612810585181069e+04 2.391362212093971903e+04 2.577379926898320991e+04 2.117147967624165176e+04 0.000000000000000000e+00 0.000000000000000000e+00
2.250862481552606187e+04 2.238646369065542967e+04 2.241707545350341752e+04 2.195136399545517997e+04 2.528152808535266013e+04 2.435855482939612193e+04 2.129900545408580001e+04 0.000000000000000000e+00 0.000000000000000000e+00 0.000000000000000000e+00
2.220396387271612912e+04 2.264796376953804793e+04 2.208390924715600340e+04 2.184722345591504200e+04 2.454320033769391739e+04 2.555487111322911005e+04 2.481654174751145183e+04 2.145504438963703069e+04 0.000000000000000000e+00 0.000000000000000000e+00
2.192270281129768046e+04 2.292883414704357710e+04 2.566127315205423292e+04 2.177548270824814972e+04 2.178497599047901895e+04 2.584439023552407889e+04 2.528432673161315324e+04 2.163851581630951841e+04 0.000000000000000000e+00 0.000000000000000000e+00
2.166718744035752025e+04 2.322750370718921113e+04 2.537385770975862761e+04 2.149423434830072074e+04 2.176510912898473180e+04 2.575878625737114999e+04 2.184816054669139339e+04 0.000000000000000000e+00 0.000000000000000000e+00 0.000000000000000000e+00
2.143966200198652950e+04 2.354236023950011077e+04 2.509351008777413881e+04 2.124248440705710891e+04 2.178762515638130208e+04 2.623693672522480119e+04 2.208256638701607881e+04 0.000000000000000000e+00 0.000000000000000000e+00 0.000000000000000000e+00
2.466353088876400216e+04 2.387176642913300020e+04 2.482129920286660854e+04 2.102238813501080949e+04 2.185203999928803023e+04 2.418028220576035892e+04 2.234019360569430864e+04 0.000000000000000000e+00 0.000000000000000000e+00 0.000000000000000000e+00
2.431437804160080123e+04 2.107679368171764872e+04 2.421407704378598282e+04 2.455829291773459045e+04 2.083588857257007112e+04 2.195739812804963003e+04 2.411350703786144004e+04 2.225649850788399999e+04 2.261940173005418183e+04 0.000000000000000000e+00
2.398676955258585804e+04 2.094504186987502180e+04 2.456765013328746136e+04 2.430555605261174787e+04 2.068466906808556814e+04 2.210230182263372262e+04 2.405689610452152192e+04 2.214862847191945184e+04 2.291847441207064912e+04 0.000000000000000000e+00
2.368359267838547021e+04 2.084837615104030192e+04 2.493086033916426823e+04 2.406414186927431001e+04 2.057010898129023917e+04 2.228495327822196850e+04 2.401070360264124974e+04 2.208144301361519683e+04 2.323564279080105916e+04 0.000000000000000000e+00
2.340764304234252268e+04 2.078788964755595953e+04 2.530210787535231793e+04 2.383508516058576060e+04 2.049324506317345003e+04 2.250320630139606146e+04 2.397515865762329122e+04 2.205582525369116047e+04 2.356910739642836052e+04 0.000000000000000000e+00
2.316157764088169279e+04 2.076433314586259075e+04 2.567982774633368172e+04 2.361939543751458768e+04 2.045473990573941774e+04 2.275462336814693117e+04 2.395046462930994676e+04 2.207218106883949076e+04 2.391705679367696212e+04 0.000000000000000000e+00
2.294786155180543938e+04 2.077809410293220935e+04 2.341804754277300162e+04 2.045486231809051969e+04 2.303653655329201138e+04 2.393679791081384974e+04 2.213042733512934865e+04 2.427768559379351063e+04 0.000000000000000000e+00 0.000000000000000000e+00
2.276871287437188948e+04 2.082918521987383065e+04 2.323197322187483951e+04 2.049347862654247001e+04 2.334610676625921769e+04 2.393430315969279036e+04 2.222999482333245760e+04 2.464920594950559098e+04 0.000000000000000000e+00 0.000000000000000000e+00
2.262605115582013968e+04 2.091724464761307172e+04 2.552495605095091014e+04 2.306205167660427105e+04 2.057005606774358239e+04 2.368038031340109956e+04 2.394309525234790999e+04 2.236984647634792054e+04 2.502986173224768208e+04 0.000000000000000000e+00
2.252144563805274083e+04 2.104154751982010930e+04 2.519867035547671912e+04 2.290910098207480041e+04 2.068367949985419909e+04 2.403634079689495047e+04 2.396325624164253168e+04 2.254851052153655837e+04 2.541793605729403134e+04 0.000000000000000000e+00
2.245607326365435802e+04 2.120102669149782741e+04 2.487730524977563982e+04 2.277386831597099808e+04 2.083307789769045849e+04 2.441095317496886128e+04 2.399483340237802986e+04 2.276412391662757727e+04 2.581175959175845855e+04 0.000000000000000000e+00
2.243068406427561058e+04 2.139430333908868852e+04 2.456215800669314922e+04 2.265702097108061935e+04 2.101666136063684098e+04 2.480120378470767901e+04 2.403783862876674903e+04 2.301448484990837096e+04 2.620971431123787988e+04 0.000000000000000000e+00
2.244557846801654887e+04 2.161972323492055148e+04 2.425456499783911204e+04 2.255913832813398039e+04 2.123256316124630030e+04 2.520413089031606069e+04 2.409224886334668918e+04 2.329710970204423938e+04 0.000000000000000000e+00 0.000000000000000000e+00
2.250059868816978269e+04 2.187539829712821302e+04 2.395589705109810166e+04 2.248070461183717271e+04 2.147868729529264965e+04 2.561685022909898908e+04 2.415800328189977881e+04 2.360929260358037209e+04 2.325649375456822963e+04 0.000000000000000000e+00
2.259513320517291868e+04 2.215924916424357798e+04 2.366755328302556882e+04 2.242210143191745010e+04 2.175275673250502950e+04 2.603657354101684905e+04 2.423500437073576177e+04 2.394816202553290714e+04 2.287256057966014123e+04 0.000000000000000000e+00
2.272813455252142012e+04 2.246904852778415079e+04 2.339095221964276789e+04 2.238360334111790144e+04 2.205236066550528994e+04 2.646062030241245157e+04 2.432311697855798047e+04 2.431073659557921201e+04 2.251341769159465912e+04 0.000000000000000000e+00
2.289815110629046103e+04 2.280246303277460902e+04 2.312752316363060163e+04 2.236537330331854901e+04 2.237499946702974921e+04 2.442216887024408788e+04 2.469397241620026762e+04 2.218215279458101941e+04 0.000000000000000000e+00 0.000000000000000000e+00
2.310336669302070732e+04 2.315709070910235096e+04 2.287869569114968181e+04 2.236746080074227939e+04 2.271812537846835039e+04 2.453194982379208159e+04 2.509480831544689863e+04 2.188176859576288916e+04 2.372702754455901959e+04 0.000000000000000000e+00
2.334164940080735687e+04 2.353049614204151294e+04 2.264588559691192859e+04 2.238980092347041136e+04 2.307917766241545905e+04 2.465221339340385020e+04 2.551019958330836016e+04 2.161512624404992312e+04 2.340760134854196076e+04 0.000000000000000000e+00
2.361060380727855227e+04 2.392024013063561870e+04 2.243048140222907023e+04 2.243221572930359252e+04 2.345561432393826908e+04 2.478267803469915088e+04 2.593715173290337043e+04 2.138488159049502065e+04 2.310627940013970147e+04 0.000000000000000000e+00
2.390762544932841774e+04 2.432390407005318048e+04 2.223382883019984729e+04 2.249441710919272009e+04 2.384493701226351186e+04 2.492302540369579947e+04 2.119341992330010908e+04 2.282486020916637062e+04 0.000000000000000000e+00 0.000000000000000000e+00
2.458192201243117961e+04 2.422995322658939040e+04 2.473911174280288105e+04 2.205721322582884750e+04 2.257601108259256216e+04 2.424470959197197226e+04 2.507290444454168028e+04 2.104279126771161100e+04 2.256507630030564906e+04 0.000000000000000000e+00
2.446935296133132942e+04 2.457472074443060046e+04 2.516354498622689061e+04 2.190184224986788831e+04 2.267650373252305144e+04 2.465257608080713180e+04 2.523193099944356072e+04 2.093464858904226276e+04 2.232856972389329894e+04 0.000000000000000000e+00
2.438259561117082922e+04 2.493900052546296865e+04 2.559495518781728970e+04 2.176882721706594748e+04 2.279530828124218169e+04 2.506626922442148862e+04 2.539968998981830009e+04 2.087019574886023838e+04 2.211686648985727879e+04 0.000000000000000000e+00
2.432253054805993088e+04 2.531984550547579056e+04 2.603117315591676015e+04 2.165916504032488956e+04 2.293175261214760030e+04 2.548361441136433132e+04 2.557573614309870027e+04 2.085014659468803802e+04 2.193134996073122966e+04 0.000000000000000000e+00
2.428979057350400763e+04 2.571432269191476007e+04 2.157372068905577180e+04 2.308508883065270857e+04 2.575959567860225798e+04 2.087469999764791282e+04 2.177323482943183990e+04 0.000000000000000000e+00 0.000000000000000000e+00 0.000000000000000000e+00
2.428474672108355298e+04 2.424558017230030964e+04 2.327939067596873065e+04 2.151321141451169024e+04 2.325450176695622940e+04 2.595077240465968134e+04 2.094353249158726976e+04 2.164354264257702016e+04 0.000000000000000000e+00 0.000000000000000000e+00
2.430750163701048950e+04 2.407294114821619223e+04 2.343868025886395844e+04 2.147819237868478012e+04 2.343911903237488877e+04 2.105580911590024698e+04 2.154308028124571865e+04 0.000000000000000000e+00 0.000000000000000000e+00 0.000000000000000000e+00
2.435788564020060949e+04 2.391552522817079080e+04 2.362929803451754196e+04 2.146904591642557716e+04 2.363802046199077085e+04 2.157939302395360210e+04 2.356701639159503975e+04 2.121021164952820982e+04 2.147242113564525789e+04 0.000000000000000000e+00
2.443546111812717209e+04 2.377387455985308043e+04 2.384932059279426903e+04 2.148597338770329952e+04 2.385024719912313958e+04 2.132435899653458910e+04 2.313411311736625066e+04 2.140498164380769231e+04 2.143189220005852985e+04 0.000000000000000000e+00
2.453953077894073067e+04 2.364844597433054878e+04 2.409659387138161037e+04 2.152899085556314094e+04 2.407481050440870968e+04 2.111220727397935116e+04 2.272471054728047966e+04 2.163797500955843861e+04 2.142156561486273858e+04 0.000000000000000000e+00
2.466915284455978690e+04 2.353960615782843888e+04 2.436878048009441045e+04 2.159792782342424834e+04 2.431070125498693233e+04 2.094549095177695926e+04 2.234251966839763190e+04 2.190672431987067102e+04 2.144125650515279995e+04 0.000000000000000000e+00
2.482315938789935171e+04 2.344762657174501874e+04 2.466340092853500028e+04 2.169243094065716286e+04 2.455689567066252857e+04 2.082628111096279099e+04 2.199122585335977055e+04 2.220850444082796821e+04 2.149052698303429133e+04 0.000000000000000000e+00
2.500017903766781092e+04 2.337268219988229248e+04 2.497787815427178793e+04 2.181197010969540133e+04 2.481236471149982026e+04 2.075609356923801170e+04 2.167442227051928057e+04 2.254039918531358853e+04 2.156869640816894753e+04 0.000000000000000000e+00
2.519866270040010932e+04 2.331484896621434018e+04 2.530957350772609789e+04 2.195584958052116053e+04 2.507607915063335167e+04 2.073583211896180001e+04 2.139553242488090109e+04 2.289936311980416940e+04 2.167485725754670057e+04 0.000000000000000000e+00
2.541690805256794192e+04 2.327410476863893928e+04 2.212322022330531763e+04 2.534701552969636032e+04 2.076575367302613085e+04 2.115772561217007024e+04 2.328227922870749899e+04 2.180789536269499149e+04 0.000000000000000000e+00 0.000000000000000000e+00
2.565309041089608218e+04 2.325033041164033784e+04 2.231309504968899273e+04 2.562416183124246891e+04 2.084545704546194247e+04 2.096382647967688172e+04 2.368600827187376854e+04 2.196651358424792124e+04 0.000000000000000000e+00 0.000000000000000000e+00
2.590528835920644997e+04 2.343154420521543943e+04 2.324331133728443092e+04 2.252436557241367336e+04 2.590652034822104179e+04 2.097389946022080039e+04 2.081622670646338884e+04 2.410743162122561989e+04 2.214925770666631070e+04 0.000000000000000000e+00
2.301509907244301939e+04 2.325274289542394763e+04 2.275581968042430890e+04 2.114943708353314287e+04 2.071680268399373745e+04 2.454348569117593070e+04 2.235454483097767661e+04 0.000000000000000000e+00 0.000000000000000000e+00 0.000000000000000000e+00
2.262146031278120063e+04 2.327823495042372815e+04 2.300615954542659892e+04 2.136988618003121155e+04 2.066684756697709963e+04 2.499118821083801959e+04 2.258069078912515761e+04 0.000000000000000000e+00 0.000000000000000000e+00 0.000000000000000000e+00
2.389878338222168168e+04 2.225394525385451925e+04 2.331931766539041928e+04 2.386887611758607818e+04 2.327401954829733222e+04 2.163260024385763973e+04 2.066702097483495891e+04 2.544766238673172120e+04 2.282593760414667122e+04 0.000000000000000000e+00
2.346763039496634883e+04 2.191582588297719121e+04 2.337544972900587891e+04 2.356742188516839815e+04 2.355798215978675944e+04 2.193455592956256078e+04 2.071732369365936756e+04 2.591014609649279009e+04 2.308847901393004213e+04 0.000000000000000000e+00
2.305185373435845031e+04 2.161027041829102018e+04 2.344602457452553790e+04 2.328052152475044204e+04 2.385659538795714980e+04 2.227244131557143191e+04 2.081709751655344007e+04 2.637600359545043102e+04 2.336648343569460849e+04 0.000000000000000000e+00
2.265473714754632965e+04 2.134027869303210900e+04 2.353038043609141823e+04 2.300961847580544054e+04 2.416838562193245161e+04 2.264274338129257012e+04 2.096505217824730062e+04 2.365811572926962981e+04 0.000000000000000000e+00 0.000000000000000000e+00
2.227962054195695964e+04 2.110861095160086188e+04 2.362780691522358029e+04 2.275611757401270006e+04 2.449187141370394966e+04 2.304182785217126002e+04 2.115931525022654023e+04 2.396155457435534845e+04 0.000000000000000000e+00 0.000000000000000000e+00
2.192985977983105113e+04 2.091771506124953157e+04 2.373755501830447247e+04 2.252136871589735165e+04 2.482557500716813956e+04 2.346600971547760855e+04 2.139750130264186737e+04 2.427500969820925820e+04 0.000000000000000000e+00 0.000000000000000000e+00
2.160877763099725053e+04 2.076965503047448146e+04 2.385884509661779884e+04 2.230665172168846038e+04 2.516803251044635181e+04 2.391161371497381697e+04 2.167679466502949799e+04 2.517587025956242724e+04 2.459673225570957948e+04 0.000000000000000000e+00
2.131960564105838785e+04 2.066604548238658026e+04 2.399087530171625986e+04 2.211315910593014996e+04 2.551779663863075257e+04 2.437502276521898239e+04 2.199403767231725942e+04 2.489316296318307286e+04 2.492502886274398043e+04 0.000000000000000000e+00
2.106541827712994200e+04 2.060799738414986132e+04 2.413282885233620982e+04 2.194197903381260039e+04 2.587345997242938029e+04 2.485271617242114007e+04 2.234582058053764922e+04 2.461856470172607078e+04 2.525826591769621882e+04 0.000000000000000000e+00
2.084906070469756014e+04 2.059607840393540027e+04 2.428388264505490952e+04 2.179407943519885885e+04 2.534129845981081962e+04 2.272856645408756958e+04 2.435314805203214928e+04 2.559487815247089020e+04 0.000000000000000000e+00 0.000000000000000000e+00
2.067307364752826106e+04 2.063029288781843934e+04 2.444321198309573811e+04 2.167029158555162940e+04 2.600829453773178102e+04 2.583751646121149315e+04 2.313860795689125007e+04 2.409798472213330751e+04 2.593336625900169020e+04 0.000000000000000000e+00
2.053961975758172775e+04 2.071008097046770854e+04 2.461000005120396963e+04 2.157129626962047041e+04 2.605551092361592964e+04 2.633827656170044065e+04 2.357225443232258112e+04 2.385413453466229112e+04 0.000000000000000000e+00 0.000000000000000000e+00
2.045041526639895892e+04 2.083433980530988993e+04 2.478343911879653751e+04 2.149761185400810064e+04 2.612045559542094270e+04 2.402584678049814102e+04 2.362264307740697041e+04 2.499126661415431954e+04 0.000000000000000000e+00 0.000000000000000000e+00
2.040667271427448213e+04 2.100146241480289973e+04 2.496273796713326738e+04 2.144958499159727944e+04 2.620255038435451934e+04 2.449580212817120992e+04 2.340452995619870126e+04 2.458978244037590048e+04 0.000000000000000000e+00 0.000000000000000000e+00
2.040905873133006025e+04 2.120939299050447153e+04 2.514712611698805995e+04 2.142738435237860904e+04 2.630107384296388773e+04 2.497864689025807093e+04 2.320078345279573841e+04 2.579016286112822854e+04 2.420528380598283911e+04 0.000000000000000000e+00
2.045767099049310127e+04 2.145569200155879298e+04 2.533585549942508078e+04 2.143099782714497996e+04 2.641517137726549117e+04 2.547104065027906108e+04 2.301235107168525792e+04 2.566193712894338023e+04 2.384081858678064236e+04 0.000000000000000000e+00
2.055203594893842819e+04 2.173760927144718153e+04 2.552820569681175039e+04 2.146023365673926673e+04 2.654387050777444892e+04 2.596979389377524058e+04 2.284012981174378001e+04 2.555381316837244958e+04 2.349942242439561960e+04 0.000000000000000000e+00
2.069112794108972957e+04 2.205215774852986942e+04 2.572348270747721836e+04 2.151472444137965795e+04 2.668608950879647819e+04 2.268495817514419832e+04 2.546635172674195201e+04 2.318407985474985981e+04 0.000000000000000000e+00 0.000000000000000000e+00
2.087340719765565154e+04 2.239618400512669905e+04 2.592102452103099859e+04 2.159393513217084183e+04 2.684065570647901041e+04 2.254760641945380121e+04 2.539994134316642885e+04 2.454559284782444956e+04 2.289767435359655065e+04 0.000000000000000000e+00
2.109687397173439967e+04 2.276643531464014814e+04 2.612019948854184258e+04 2.169717377394222058e+04 2.242876702443361864e+04 2.535478821383857940e+04 2.411328400081569998e+04 2.264293724885011761e+04 0.000000000000000000e+00 0.000000000000000000e+00
2.135913447335979072e+04 2.315961707817067872e+04 2.632040692321433016e+04 2.182360421131222029e+04 2.232904686907295763e+04 2.533091530506566050e+04 2.369301155564672081e+04 2.242239100468587276e+04 2.435871675168422007e+04 0.000000000000000000e+00
2.165747363410625985e+04 2.357244353711212170e+04 2.652107842856532079e+04 2.197226189474596686e+04 2.224895890864736793e+04 2.532816130862648060e+04 2.328763236636640795e+04 2.223829092259354002e+04 2.397690584155574106e+04 0.000000000000000000e+00
2.198892895978220986e+04 2.400167662973639017e+04 2.672167404260886906e+04 2.214207051031845185e+04 2.218891551753028034e+04 2.534618439738314919e+04 2.290007775046868846e+04 2.209256812576774246e+04 2.360745060088311948e+04 0.000000000000000000e+00
2.235036280181723123e+04 2.444416067902287978e+04 2.233185873294460180e+04 2.214922250179950788e+04 2.538446685674343826e+04 2.253332620297683025e+04 2.198677692486672822e+04 2.325235059614010243e+04 0.000000000000000000e+00 0.000000000000000000e+00
2.273852889391950157e+04 2.489684367401602140e+04 2.254037906743317944e+04 2.419489505585192819e+04 2.213007490137497007e+04 2.544232695133446759e+04 2.219037159571301891e+04 2.192205000514199855e+04 2.291361896346053254e+04 0.000000000000000000e+00
2.315013154023230163e+04 2.535679780199288871e+04 2.276632302555103888e+04 2.386147482310980922e+04 2.213155492058341770e+04 2.551892729674630027e+04 2.187418199762163931e+04 2.189906279465489206e+04 2.259326420826563844e+04 0.000000000000000000e+00
2.358187486448033815e+04 2.300833890449383762e+04 2.354616116100161889e+04 2.215362972250275925e+04 2.561328886974895067e+04 2.158765317973561832e+04 2.191801296501766774e+04 2.229326840626568082e+04 0.000000000000000000e+00 0.000000000000000000e+00
2.403050435732594269e+04 2.326504625648821093e+04 2.325158005581273756e+04 2.219615266315692861e+04 2.572430760758076940e+04 2.133355372997012091e+04 2.197861359041169999e+04 2.201556400610496712e+04 0.000000000000000000e+00 0.000000000000000000e+00
2.449283973408228849e+04 2.353505008437650031e+04 2.298032364003713155e+04 2.225886529142676955e+04 2.585077025364249857e+04 2.111446669992466923e+04 2.208010173636491891e+04 2.176200649279277059e+04 0.000000000000000000e+00 0.000000000000000000e+00
2.496579807531848928e+04 2.381695255850211106e+04 2.273491193605433000e+04 2.234140204054310743e+04 2.599136466548600220e+04 2.093272650947970760e+04 2.222126247525833242e+04 2.153434550452623807e+04 0.000000000000000000e+00 0.000000000000000000e+00
2.544641162788531801e+04 2.410936420068575899e+04 2.251775063314995350e+04 2.244329462442715158e+04 2.614470842277264819e+04 2.079035755806626184e+04 2.240046539332019165e+04 2.133419340221363018e+04 0.000000000000000000e+00 0.000000000000000000e+00
2.441091324375620025e+04 2.233108520190411218e+04 2.256397936063582893e+04 2.630936500811048973e+04 2.068901491131935836e+04 2.261571120857758797e+04 2.116299509895111987e+04 0.000000000000000000e+00 0.000000000000000000e+00 0.000000000000000000e+00
2.472025142920412691e+04 2.217695320194286251e+04 2.511167580562202056e+04 2.270280471774442776e+04 2.062993300882133190e+04 2.286468551272527839e+04 2.102199668235150966e+04 0.000000000000000000e+00 0.000000000000000000e+00 0.000000000000000000e+00
2.503606412213783915e+04 2.519416446099540917e+04 2.205713784568955089e+04 2.486325149158258137e+04 2.285903940121814958e+04 2.061388522356493195e+04 2.314481668955624991e+04 2.091221708485027193e+04 0.000000000000000000e+00 0.000000000000000000e+00
2.535707063478387136e+04 2.480440311850942089e+04 2.197312291997953071e+04 2.463695539272556198e+04 2.303188199912100026e+04 2.064115753537419005e+04 2.477124721974293061e+04 2.345333445489458973e+04 2.083442430451447217e+04 0.000000000000000000e+00
2.442229264749717913e+04 2.192605463042626798e+04 2.443459955606585936e+04 2.322047039592938017e+04 2.071153876503261927e+04 2.431957542436413860e+04 2.378732645664188021e+04 2.078911478541828910e+04 0.000000000000000000e+00 0.000000000000000000e+00
2.404961213118242085e+04 2.191670857206905930e+04 2.425783069056460954e+04 2.342389039373329069e+04 2.082432789960215814e+04 2.388259572752638996e+04 2.414379044134919968e+04 2.077650117126133046e+04 0.000000000000000000e+00 0.000000000000000000e+00
2.368819166002490965e+04 2.194546971671621213e+04 2.410809837503439849e+04 2.364118582921522102e+04 2.097835754079649996e+04 2.346371023983166015e+04 2.451968090131556892e+04 2.079650532789429053e+04 2.542128134467526252e+04 0.000000000000000000e+00
2.333990065147511996e+04 2.201231948387502780e+04 2.398662788941584222e+04 2.387136698463857829e+04 2.117203219249839094e+04 2.306639693519877983e+04 2.491195029007555786e+04 2.084876031189899004e+04 2.503557708976247886e+04 0.000000000000000000e+00
2.300663691661569828e+04 2.211683766204789936e+04 2.389439335574272991e+04 2.411341924548542738e+04 2.140337808922516342e+04 2.269416885196464864e+04 2.531758260559555129e+04 2.093261907527780204e+04 2.465720235192718974e+04 0.000000000000000000e+00
2.510503730690938028e+04 2.269031039320259151e+04 2.225821475858558915e+04 2.383209614176893956e+04 2.436631120751256094e+04 2.167010041301491219e+04 2.235052819796439871e+04 2.573362146290438977e+04 2.104717025501743046e+04 2.428786473157440923e+04
2.468920619029600130e+04 2.239282639062100861e+04 2.243527501351201863e+04 2.380014788454192967e+04 2.462900110140702236e+04 2.196964499546752268e+04 2.203890587578792838e+04 2.615719175171608731e+04 2.119126062339514101e+04 2.392931264924260904e+04
2.428779713756187994e+04 2.211606421018330002e+04 2.264650878638105132e+04 2.379866214313262026e+04 2.490044431751906086e+04 2.229926018987706993e+04 2.176259508301787719e+04 2.658551370117684201e+04 2.136352128500464096e+04 2.358332928043092033e+04
2.390398116212832247e+04 2.186185280781704932e+04 2.289011178329938048e+04 2.382744876632772139e+04 2.517959848375970250e+04 2.265605637016205219e+04 2.152467534990539207e+04 2.156239805920993967e+04 2.325171864950656891e+04 0.000000000000000000e+00
2.354097314886011009e+04 2.163194479103439880e+04 2.316402911703022983e+04 2.388601932922794003e+04 2.546542780580000908e+04 2.303706020248264031e+04 2.132793304383036229e+04 2.178618390120757977e+04 2.293629396263970193e+04 0.000000000000000000e+00
2.320199350302087987e+04 2.142798824437022995e+04 2.346600067866754762e+04 2.397359684819779068e+04 2.575691030764798779e+04 2.343926345047531868e+04 2.117478104682976118e+04 2.203305029966714937e+04 2.263885937617132004e+04 0.000000000000000000e+00
2.289022252094693249e+04 2.125149652576353037e+04 2.379360726204644016e+04 2.408913320895714060e+04 2.385966384899408149e+04 2.106718160634823289e+04 2.230107960539143096e+04 2.236119170030614987e+04 0.000000000000000000e+00 0.000000000000000000e+00
2.260874721556185250e+04 2.110381908317439957e+04 2.414431454590576323e+04 2.423133007611778157e+04 2.429529872906802848e+04 2.100658096387550904e+04 2.258829493393817029e+04 2.210501812703656105e+04 0.000000000000000000e+00 0.000000000000000000e+00
2.236050136763231058e+04 2.098611238080451949e+04 2.451551411806487886e+04 2.439866759491043922e+04 2.474327343372058021e+04 2.099385667436792937e+04 2.289268684881919035e+04 2.187199322907493843e+04 0.000000000000000000e+00 0.000000000000000000e+00
2.214820086654905026e+04 2.089931469003787061e+04 2.490455978434747158e+04 2.458943251770320785e+04 2.520078019934385884e+04 2.102928601540252930e+04 2.321223847762601144e+04 2.166367262749246947e+04 0.000000000000000000e+00 0.000000000000000000e+00
2.197427747513735085e+04 2.084412293282461906e+04 2.530880014637400018e+04 2.480174977758970272e+04 2.566512169286371136e+04 2.111253540426244945e+04 2.354494590886145670e+04 2.148148738591910296e+04 0.000000000000000000e+00 0.000000000000000000e+00
2.184081258975508172e+04 2.082097600573542150e+04 2.572560407361837133e+04 2.523780010899804984e+04 2.503361393289951957e+04 2.124267366765826955e+04 2.388883660780613718e+04 2.132671713621367962e+04 0.000000000000000000e+00 0.000000000000000000e+00
2.174947664764295769e+04 2.083004362166175997e+04 2.615238501093054947e+04 2.528292236874598893e+04 2.141820680773340064e+04 2.424198290934206307e+04 2.120046448563693775e+04 0.000000000000000000e+00 0.000000000000000000e+00 0.000000000000000000e+00
2.170147714029024792e+04 2.314932015110173234e+04 2.087122166525233843e+04 2.658661166368256818e+04 2.554750678217477980e+04 2.163713136578341800e+04 2.460251476776062918e+04 2.110363210758139758e+04 0.000000000000000000e+00 0.000000000000000000e+00
2.169751978548543048e+04 2.291890452426874981e+04 2.094413535110485827e+04 2.582514057153746035e+04 2.189700218457356095e+04 2.496862794873992971e+04 2.103690181863862017e+04 0.000000000000000000e+00 0.000000000000000000e+00 0.000000000000000000e+00
2.173778485364314838e+04 2.271304591380830971e+04 2.302339826426051150e+04 2.104814822217358960e+04 2.468454809491997003e+04 2.219500873606210007e+04 2.533859124686051291e+04 2.100071938297760789e+04 0.000000000000000000e+00 0.000000000000000000e+00
2.182192203421147860e+04 2.253304678475750916e+04 2.272618137509568987e+04 2.118237890681020872e+04 2.458799103390098026e+04 2.252805465297105184e+04 2.571074806193904806e+04 2.099528325317589770e+04 0.000000000000000000e+00 0.000000000000000000e+00
2.194906244230984157e+04 2.238002923410966832e+04 2.245815017164726305e+04 2.134572106516541317e+04 2.450867991386026188e+04 2.289283755510049014e+04 2.608353137870369028e+04 2.102054016059339119e+04 0.000000000000000000e+00 0.000000000000000000e+00
2.211784850182003720e+04 2.225491381867997916e+04 2.222212283010033934e+04 2.153686992008411107e+04 2.444667140834950987e+04 2.328592133732795992e+04 2.107618657548517149e+04 0.000000000000000000e+00 0.000000000000000000e+00 0.000000000000000000e+00
2.317448911817739281e+04 2.232647754531961982e+04 2.215840078423577143e+04 2.202070702400365917e+04 2.175434981543829053e+04 2.440189804635604014e+04 2.370380277072446188e+04 2.116167603134230012e+04 0.000000000000000000e+00 0.000000000000000000e+00
2.293285079191723707e+04 2.257275752166696839e+04 2.209095369049345027e+04 2.185623728101432062e+04 2.199654377331467913e+04 2.437416806229203939e+04 2.414296794179382050e+04 2.127623206691832820e+04 0.000000000000000000e+00 0.000000000000000000e+00
2.271919680825351315e+04 2.285416870883122829e+04 2.205278976279040216e+04 2.173071301394161856e+04 2.226172329044428261e+04 2.436317241085032947e+04 2.459993852814784987e+04 2.141886631022394067e+04 0.000000000000000000e+00 0.000000000000000000e+00
2.253582096548202026e+04 2.316793006281369890e+04 2.204387457382043067e+04 2.164574191410362982e+04 2.254807704664736957e+04 2.436848855977483981e+04 2.507131034511098915e+04 2.158840032272620010e+04 0.000000000000000000e+00 0.000000000000000000e+00
2.238479732639783833e+04 2.351106437800417189e+04 2.206392276603289065e+04 2.160249057213289052e+04 2.285373751276862822e+04 2.438958601873892985e+04 2.555377969041530014e+04 2.178349060727467077e+04 0.000000000000000000e+00 0.000000000000000000e+00
2.226793243008110949e+04 2.388045955121299994e+04 2.211240450472451994e+04 2.160164834918767883e+04 2.317680615787580973e+04 2.442583673182123312e+04 2.604416639760671751e+04 2.200265434444569109e+04 0.000000000000000000e+00 0.000000000000000000e+00
2.218672079568983827e+04 2.427292630385779921e+04 2.218855699049320901e+04 2.164340475187686025e+04 2.351537541272344242e+04 2.447652411361763006e+04 2.653943056911752137e+04 2.224429676846144139e+04 0.000000000000000000e+00 0.000000000000000000e+00
2.214230538080571932e+04 2.468524690467644177e+04 2.229140196494178963e+04 2.172744527247646693e+04 2.386754606071672970e+04 2.486232936698693084e+04 2.454085244565956964e+04 2.487093029856010980e+04 2.250673792776463961e+04 0.000000000000000000e+00
2.213544688828038124e+04 2.511421695644026840e+04 2.241976594056011163e+04 2.185296088609800063e+04 2.423144557824002914e+04 2.444456540642710024e+04 2.461795860050174815e+04 2.504019591035588746e+04 2.278823738870325906e+04 0.000000000000000000e+00
2.216650248834674130e+04 2.555668087557659965e+04 2.257230451795336921e+04 2.201867596464799135e+04 2.460523842695407802e+04 2.404626257530194198e+04 2.470692204374619905e+04 2.522709852677562230e+04 2.308701769174700894e+04 0.000000000000000000e+00
2.223541624428212890e+04 2.600955717792972064e+04 2.274752733295630969e+04 2.222288924421296906e+04 2.498713748227231918e+04 2.367068337023859203e+04 2.480677817531771871e+04 2.543080560097186026e+04 2.340128481382584869e+04 0.000000000000000000e+00
2.234172127773175089e+04 2.294382544008467084e+04 2.246352363613363923e+04 2.537541106166835016e+04 2.332107193775322958e+04 2.491652804448980169e+04 2.565038044991750940e+04 2.372924657165616009e+04 0.000000000000000000e+00 0.000000000000000000e+00
2.248455369569278264e+04 2.315949711011122781e+04 2.273818523860013738e+04 2.576839005128897043e+04 2.300060671412653028e+04 2.503514826373812321e+04 2.588479242160738067e+04 2.181434128489701834e+04 2.406912795051301873e+04 0.000000000000000000e+00
2.266267766152970944e+04 2.339277370351024001e+04 2.304422404676456063e+04 2.271234343983763029e+04 2.516160432368525289e+04 2.613292811409971910e+04 2.163349937832032811e+04 2.441918431260728903e+04 0.000000000000000000e+00 0.000000000000000000e+00
2.287451934379549130e+04 2.364184436266111879e+04 2.337879638977431750e+04 2.245915333711708081e+04 2.529485634550706891e+04 2.639360344546578199e+04 2.147839968616862825e+04 2.332101611820562903e+04 2.477771172211445810e+04 0.000000000000000000e+00
2.311820768629328813e+04 2.390487752831969192e+04 2.373892220714300856e+04 2.224365577838780155e+04 2.543387197858484069e+04 2.666557737913060919e+04 2.135047361434474806e+04 2.335429412260319077e+04 2.514305573160960193e+04 0.000000000000000000e+00
2.339161958995474924e+04 2.418004111264273888e+04 2.412153945380186997e+04 2.206815211174136130e+04 2.557763275043048998e+04 2.694755620150574032e+04 2.125097719707663055e+04 2.341743635600514972e+04 2.551361605155422149e+04 0.000000000000000000e+00
2.369242670615449970e+04 2.446551909150333086e+04 2.452355134096488109e+04 2.193455968683970059e+04 2.572513729140161013e+04 2.723821875528523015e+04 2.118096371357934186e+04 2.350950309627614843e+04 2.588785387751854796e+04 0.000000000000000000e+00
2.401814214845270908e+04 2.475952782552599820e+04 2.494186615541930951e+04 2.184435357506149012e+04 2.587542303453534259e+04 2.114125968121293772e+04 2.362930204013076218e+04 2.626428900970612085e+04 0.000000000000000000e+00 0.000000000000000000e+00
2.436616549626287815e+04 2.506032717111517195e+04 2.537343252404715167e+04 2.398419149387380821e+04 2.179851918852597009e+04 2.113244556189994182e+04 2.377541536420278862e+04 0.000000000000000000e+00 0.000000000000000000e+00 0.000000000000000000e+00
2.473382419303464849e+04 2.536622960846747083e+04 2.581526180131929141e+04 2.378316735467040053e+04 2.404907756166082982e+04 2.303201496476995817e+04 2.179751814747563185e+04 2.115484122076943095e+04 2.394622575173141013e+04 0.000000000000000000e+00
2.511840970761444987e+04 2.567561148019304164e+04 2.360331025726744338e+04 2.367870270935848021e+04 2.280289049257284205e+04 2.184127266086358941e+04 2.120849830768432003e+04 2.413994945601290237e+04 0.000000000000000000e+00 0.000000000000000000e+00
2.551720995662019050e+04 2.598691308811638010e+04 2.344646404473272923e+04 2.332029553167258928e+04 2.259202785507494991e+04 2.192916679116839077e+04 2.110452381041740955e+04 2.129319847832683081e+04 2.435466656812259316e+04 0.000000000000000000e+00
2.527575631537726804e+04 2.331432941362183919e+04 2.297578733389769695e+04 2.240084952468726988e+04 2.206006665616273312e+04 2.140845876113904887e+04 2.458835243104617984e+04 0.000000000000000000e+00 0.000000000000000000e+00 0.000000000000000000e+00
2.320843183255013719e+04 2.264713621731919193e+04 2.223070851918347034e+04 2.223235796065292743e+04 2.155354377489116087e+04 2.483890873393943912e+04 0.000000000000000000e+00 0.000000000000000000e+00 0.000000000000000000e+00 0.000000000000000000e+00
2.464063039478240898e+04 2.313009144516008018e+04 2.233630887566155798e+04 2.208286839305521789e+04 2.244399569381872789e+04 2.085371324137061674e+04 2.172748235026510156e+04 2.510418974593757957e+04 0.000000000000000000e+00 0.000000000000000000e+00
2.435300458904578772e+04 2.308039579351813154e+04 2.204526216291045057e+04 2.195848216956798933e+04 2.269256536810041871e+04 2.086661636248274226e+04 2.192908939933036891e+04 2.538203148137808967e+04 2.596449020954240041e+04 0.000000000000000000e+00
2.478494221148841825e+04 2.408837382730325044e+04 2.306017560156295804e+04 2.177591809340329928e+04 2.185857269282871130e+04 2.297534944749090209e+04 2.092783948456450162e+04 2.215699162617522961e+04 2.567027189629854911e+04 2.581840161509212703e+04
2.434405549480409900e+04 2.384887109362356932e+04 2.306998675912420731e+04 2.153013871895639022e+04 2.178401400251215091e+04 2.328939602969840780e+04 2.103649054875423099e+04 2.240965502945288972e+04 2.596677243092253048e+04 2.567914594846719774e+04
2.391798040855809086e+04 2.363646987242438991e+04 2.311009728023387288e+04 2.130969692948584998e+04 2.173551415456736868e+04 2.363158415984952808e+04 2.119109145472056116e+04 2.268541324484962024e+04 2.554699936919724860e+04 0.000000000000000000e+00
2.350984478247508014e+04 2.571480102298079146e+04 2.345294476583863070e+04 2.318048099237399947e+04 2.111624592121329988e+04 2.171360070547645228e+04 2.399868711453954893e+04 2.138963150340777065e+04 2.298249521137760894e+04 2.542221660835490184e+04
2.312281681935631059e+04 2.527977981606220783e+04 2.329983565816279224e+04 2.328081926007505899e+04 2.095128739468421190e+04 2.171861003668189005e+04 2.438742749894767985e+04 2.162963646446002895e+04 2.329905294226551996e+04 2.530502882930976921e+04
2.276006781004502045e+04 2.485009705416655925e+04 2.317841337381675112e+04 2.341050792831709987e+04 2.081614066225745773e+04 2.175067983887855007e+04 2.479452492019517013e+04 2.190824807815687018e+04 2.363318642194771019e+04 2.519564756221294010e+04
2.242472758925702146e+04 2.442800350186936339e+04 2.308965027925469985e+04 2.356867221577918826e+04 2.071191293929522726e+04 2.180974621191468032e+04 2.521673684895659972e+04 2.222230790322542816e+04 2.398296647526528977e+04 2.509426286346701818e+04
