6.451692502978973900e-07 5.977963643363904371e-05 -1.275850307811239256e-04 4.768189279240097125e-04 -6.812047180177726582e-04 -7.973772456489694471e-05 -4.168022948940246436e-05 7.605522208558071181e-04 -2.894159373748414843e-05 0.000000000000000000e+00
5.977920999785937074e-05 -1.275850564644206693e-04 4.768186686538129835e-04 -6.812044495928584178e-04 -7.973768049990788745e-05 -4.168060753120351390e-05 7.605522886566736017e-04 -2.894195216272579029e-05 0.000000000000000000e+00 0.000000000000000000e+00
5.977878135013181489e-05 -1.275850820624725322e-04 4.768184092757539677e-04 -6.812041837169163869e-04 -7.973763785605412081e-05 -4.168098538976260559e-05 7.605523582312427979e-04 -2.894231030751273623e-05 0.000000000000000000e+00 0.000000000000000000e+00
5.977835042181848428e-05 -1.275851085197950304e-04 4.768181497729801518e-04 -6.812039194040803375e-04 -4.168136308371919409e-05 7.605524294569339415e-04 -2.894266820378629714e-05 0.000000000000000000e+00 0.000000000000000000e+00 0.000000000000000000e+00
-1.381914971995467441e-04 5.977791719015818739e-05 -1.275851367494164432e-04 4.768178901311935112e-04 -6.812036556280669361e-04 7.605525021810412767e-04 -2.894302588835596688e-05 0.000000000000000000e+00 0.000000000000000000e+00 0.000000000000000000e+00
-1.381918660862184955e-04 5.977748168084075588e-05 -1.275851676120077615e-04 4.768176303392003090e-04 -6.812033913491949292e-04 7.605525762239625934e-04 -2.894338340214033163e-05 0.000000000000000000e+00 0.000000000000000000e+00 0.000000000000000000e+00
-1.381922345738184664e-04 5.977704396981949861e-05 -1.275852018956052068e-04 4.768173703894213215e-04 -6.812031255420370694e-04 -2.018384645866407522e-04 7.605526513829118616e-04 -2.894374078931740443e-05 0.000000000000000000e+00 0.000000000000000000e+00
-1.381926022737672160e-04 5.977660295860462685e-05 -1.275852450560905650e-04 4.768171101272116971e-04 -6.812028513071489077e-04 -1.067424981384902302e-05 -2.018383972241588945e-04 7.605527271808046720e-04 -2.894409815550044715e-05 0.000000000000000000e+00
-1.381929688058035463e-04 5.977615759938900198e-05 -1.275853024421794743e-04 4.768168494023173861e-04 -6.812025618110137274e-04 -1.067392799503324562e-05 -2.018383241788098824e-04 7.605528031258819389e-04 -2.894445560768010904e-05 0.000000000000000000e+00
-1.381933349376026601e-04 5.977571068634845763e-05 -1.275853645533510134e-04 4.768165885368150637e-04 -6.812022686153800487e-04 -1.067361047556431003e-05 -2.018382486929339774e-04 7.605528795062457782e-04 -2.894481307033708737e-05 0.000000000000000000e+00
-1.381937007212365653e-04 5.977526264330067235e-05 -1.275854311435437375e-04 4.768163275595149633e-04 -6.812019717254855439e-04 -1.067329743577705877e-05 -2.018381709888848632e-04 7.605529561014660704e-04 -2.894517058385078783e-05 0.000000000000000000e+00
-1.381940662186996981e-04 5.977481393491950487e-05 -1.275855018355901110e-04 4.768160665037797746e-04 -6.812016712636306034e-04 -1.067298897688677399e-05 -2.018380913417809283e-04 7.605530326904460202e-04 -2.894552818702827223e-05 0.000000000000000000e+00
-1.381944315009799246e-04 5.977436505793363742e-05 -1.275855761323701836e-04 4.768158054069447042e-04 -6.812013674641563109e-04 -1.067268511933055654e-05 -2.018380100739633389e-04 7.605531090555473286e-04 -2.894588591628651257e-05 0.000000000000000000e+00
-1.381947966469143554e-04 5.977391653143421485e-05 4.768155443096401200e-04 -6.812010606655392007e-04 -1.067238580256108864e-05 -2.018379275483731092e-04 7.605531849866892366e-04 -2.894624380485910742e-05 0.000000000000000000e+00 0.000000000000000000e+00
-1.381951617418493254e-04 5.977346888644673065e-05 4.768152832550250205e-04 -6.812007512997795200e-04 -1.067209088628573305e-05 -2.018378441609571590e-04 7.605532602853622409e-04 -2.894660188204010851e-05 0.000000000000000000e+00 0.000000000000000000e+00
-1.381955268761238937e-04 1.741582146870665135e-04 5.977302265493857894e-05 4.768150222879452061e-04 -6.812004398792999467e-04 -1.067180015312139344e-05 -2.018377603322318121e-04 7.605533347684882879e-04 -2.894696017247747326e-05 0.000000000000000000e+00
-1.381958921434043458e-04 1.741583834214050809e-04 5.977257835844887045e-05 4.768147614540305720e-04 -6.812001269816405583e-04 -1.067151331261336052e-05 -2.018376764981512112e-04 7.605534082720777876e-04 0.000000000000000000e+00 0.000000000000000000e+00
-1.381962576388956942e-04 1.741585522638781783e-04 5.977213649653772881e-05 4.768145007987450762e-04 -6.811998132322645777e-04 -1.067123000654499053e-05 -2.018375931004397043e-04 0.000000000000000000e+00 0.000000000000000000e+00 0.000000000000000000e+00
-1.381966234574630271e-04 1.741587211950456542e-04 5.977169753526353216e-05 4.768142403664084100e-04 -6.811994992858440680e-04 -1.067094981544451246e-05 -3.678810702912902277e-04 -6.126427765202991727e-04 -2.018375105765640319e-04 0.000000000000000000e+00
-1.381969896916946891e-04 1.741588901930977518e-04 5.977126189590071213e-05 4.768139801992055788e-04 -6.811991858064268390e-04 -1.067067226617622536e-05 -3.678808245732854195e-04 -6.126433168603240666e-04 -2.018374293495301709e-04 0.000000000000000000e+00
-1.381973564299446191e-04 1.741590592345265557e-04 3.053795181410476367e-04 5.977082994411777629e-05 4.768137203362030974e-04 -6.811988734469166199e-04 -1.067039684048540231e-05 -3.678805780030189364e-04 -6.126438574611333017e-04 -2.018373498176982044e-04
-1.381977237543890807e-04 1.741592282948452514e-04 3.053790839415523764e-04 5.977040197983348553e-05 4.768134608123901757e-04 -6.811985628283245744e-04 -1.067012298435042184e-05 -3.678803308898710126e-04 -6.126443983086450433e-04 -2.018372723448152507e-04
-1.381980920745573365e-04 1.741593972079816049e-04 3.053786509211644379e-04 4.768132018342615200e-04 -6.811982597698202843e-04 -1.066984897064295928e-05 -3.678800852318114714e-04 -6.126449392330080707e-04 -2.018371991706091899e-04 0.000000000000000000e+00
-1.381984617902941488e-04 1.741595658083237342e-04 3.053782192578058429e-04 4.768129436025677335e-04 -1.066957305632403666e-05 -3.678798430208786289e-04 -6.126454800573108385e-04 -2.018371324827535941e-04 0.000000000000000000e+00 0.000000000000000000e+00
-1.381988322523428005e-04 1.741597343688264482e-04 3.053777883674921789e-04 4.768126857654977880e-04 2.798644757698947835e-04 -1.066929704294421783e-05 -3.678796010158432600e-04 -6.126460210554948065e-04 -2.018370684680707166e-04 6.879528275851371410e-05
-1.381992034604040518e-04 1.741599028855049785e-04 3.053773581257849005e-04 4.768124283123026863e-04 2.798642978983104058e-04 -1.066902047399343061e-05 -3.678793592813157367e-04 -6.126465622062525831e-04 -2.018370070347160026e-04 6.879515148730968351e-05
-1.381995754012221758e-04 1.741600713565506049e-04 3.053769283945586025e-04 4.768121712251400385e-04 2.798641181866041148e-04 -1.066874290539917033e-05 -3.678791178578966659e-04 -6.126471034852789578e-04 -2.018369480245105348e-04 6.879501965058166624e-05
-1.381999480488888064e-04 1.741602397824120786e-04 3.053764990244410170e-04 4.768119144793778012e-04 2.798639366468185776e-04 -1.066846391136896550e-05 -3.678788767621730396e-04 -6.126476448663780881e-04 -2.018368912162011761e-04 6.879488689458101568e-05
-1.382003213653859607e-04 1.741604081658208573e-04 3.053760698574972806e-04 4.768116580440321327e-04 2.798637533462495185e-04 -1.066818308986359133e-05 -3.678786359874370074e-04 -6.126481863226119953e-04 -2.018368363300594563e-04 6.879475289233584316e-05
1.741605765117604221e-04 3.053756407301128832e-04 4.768114018823303647e-04 2.798635684052459805e-04 -1.066790006763898079e-05 -3.678783955051033081e-04 -6.126487278274687920e-04 -2.018367830337394894e-04 6.879461734785994491e-05 0.000000000000000000e+00
-1.015167882945272241e-04 1.741607448273785655e-04 3.053752114760286741e-04 4.768111459523889000e-04 2.798633819937993718e-04 -1.066761450480155939e-05 -3.678781552667802039e-04 -6.126492693560206104e-04 -2.018367309492958520e-04 6.879447999974819272e-05
-1.015174164074682234e-04 1.741609131218476651e-04 3.053747819294839647e-04 4.768108902079994213e-04 2.798631943269962673e-04 -1.066732609882946796e-05 -3.678779152069477855e-04 -6.126498108860554005e-04 -2.018366796612381753e-04 6.879434062412340893e-05
-1.015180420087260057e-04 1.741610814061734841e-04 3.053743519284101001e-04 4.768106345995056861e-04 2.798630056594212691e-04 -1.066703458801942776e-05 -3.678776752461709507e-04 -6.126503523991544105e-04 -2.018366287254825620e-04 6.879419903690786489e-05
-1.015186648806814894e-04 1.741612496929577044e-04 3.053739213176265245e-04 4.768103790747578951e-04 2.798628162786206768e-04 -1.066673975432741453e-05 -3.678774352947758799e-04 -6.126508938816917129e-04 -2.018365776790406946e-04 6.879405509540388510e-05
-1.015192848459273915e-04 1.741614179961185275e-04 3.053734899519770524e-04 4.768101235801311920e-04 2.798626264977556086e-04 -3.678771952568956824e-04 -6.126514353257361519e-04 -2.018365260502740573e-04 6.879390869917823090e-05 0.000000000000000000e+00
-1.015199017702120391e-04 1.741615863305758221e-04 3.053730576993571246e-04 4.768098680615852000e-04 2.798624366475866028e-04 -3.678769550347924596e-04 -6.126519767298311018e-04 -2.018364733695235348e-04 -6.996728759101619255e-04 6.879375979025426178e-05
-1.015205155647986614e-04 1.741617547119055347e-04 3.053726244435693788e-04 4.768096124657504467e-04 2.798622470679470726e-04 -3.678767145333482333e-04 -6.126525180996317613e-04 -2.018364191799196130e-04 -6.996732018184854745e-04 6.879360835262609078e-05
-1.015211258525480884e-04 1.741619232212746179e-04 3.053721895409544813e-04 4.768093566125142799e-04 2.798620594919357086e-04 -3.678764724302860259e-04 -6.126530591610664577e-04 -2.018363613417623623e-04 -6.996735273646663075e-04 6.879345466907615524e-05
-1.015217323044687389e-04 1.741620919397917212e-04 3.053717523684526145e-04 2.798618756445762803e-04 -6.126535996478047223e-04 -2.018362977485534300e-04 -6.996738523186202437e-04 6.879329906159532934e-05 0.000000000000000000e+00 0.000000000000000000e+00
-1.015223356785813073e-04 1.741622607460840163e-04 3.053713140148927837e-04 2.798616929238509571e-04 -9.381345613262230521e-05 -6.126541401903097929e-04 -2.018362316165049435e-04 -6.996741770575390503e-04 6.879314109095286225e-05 -2.939394790910026612e-04
-1.015229361188685738e-04 1.741624296467885011e-04 3.053708745160663455e-04 2.798615114504764351e-04 -9.381342390202780982e-05 -6.126546808599052591e-04 -2.018361628476998400e-04 -6.996745015796213257e-04 6.879298086088290033e-05 -2.939384915267616110e-04
-1.015235338153290952e-04 1.741625986475622986e-04 3.053704339313141787e-04 2.798613313158451027e-04 -9.381339130415829706e-05 -6.126552217343659299e-04 -2.018360913994686923e-04 -6.996748258885486949e-04 6.879281850668529598e-05 -2.939375041366576327e-04
-1.015241290008742992e-04 1.741627677529882228e-04 3.053699923420677268e-04 2.798611525798771820e-04 -9.381335832465353627e-05 -2.018360172849673181e-04 -6.996751499933510443e-04 6.879265419251559001e-05 -2.939365169291802463e-04 0.000000000000000000e+00
-1.015247219475455678e-04 1.741629369665021647e-04 3.053695498499457359e-04 2.798609752695169943e-04 -9.381332495121048908e-05 -6.996754739081549861e-04 8.424209806554947986e-05 6.879248810830864227e-05 -2.939355299077466943e-04 0.000000000000000000e+00
-1.015253129621041634e-04 1.741631062903421887e-04 3.053691065744399704e-04 2.798607993778950889e-04 -9.381329117420509939e-05 -6.126568464248902980e-04 -6.996757976518246623e-04 8.424273218815923469e-05 6.879232046638001014e-05 -2.939345430707367992e-04
-1.015259023810545784e-04 1.741632757255194488e-04 3.053686626502260669e-04 2.798606248641639319e-04 -9.381325698736203212e-05 -6.126573889630599614e-04 -6.996761212474942367e-04 8.424336621136811461e-05 6.879215149775341699e-05 -2.939335564116332049e-04
-1.015264905651703305e-04 1.741634452718124424e-04 2.798604516540091082e-04 -9.381322238845439022e-05 -6.996764447220097478e-04 8.424400016759320893e-05 3.028271343797668417e-04 6.879198144826604048e-05 -2.939325699192628827e-04 0.000000000000000000e+00
-1.015270778936000636e-04 2.798602796408213435e-04 -9.381318738001286420e-05 -6.996767681052852008e-04 8.424463409100585963e-05 3.028266454861821004e-04 6.879181057450513964e-05 -2.939315835781343184e-04 0.000000000000000000e+00 0.000000000000000000e+00
-1.015276647576364617e-04 1.741637846908155999e-04 2.798601086875092902e-04 -9.381315197002233200e-05 -6.996770914295907893e-04 8.424526801684200034e-05 3.028261562872330641e-04 6.879163913963249417e-05 -2.939305973688605676e-04 0.000000000000000000e+00
-1.015282515542392658e-04 2.798599386289170278e-04 -9.381311617258366957e-05 -6.996774147287823523e-04 8.424590198067538854e-05 3.028256669183400536e-04 6.879146740915421346e-05 -2.939296112686622174e-04 0.000000000000000000e+00 0.000000000000000000e+00
-1.015288386794050796e-04 2.798597692748051847e-04 -9.381308000851640468e-05 -6.996777380374911504e-04 8.424653601766537254e-05 3.028251775042408540e-04 6.879129564669402865e-05 -2.939286252519363756e-04 0.000000000000000000e+00 0.000000000000000000e+00
2.798596004133421236e-04 -9.381304350587799546e-05 -2.769433338789663388e-04 -6.996780613902874035e-04 8.424717016179525300e-05 3.028246881537843219e-04 6.879112410982935995e-05 -2.939276392908824723e-04 0.000000000000000000e+00 0.000000000000000000e+00
2.798594314487565823e-04 -9.381300625961370868e-05 -2.769429267898261093e-04 -6.996783849858518103e-04 8.424780457782874040e-05 3.028242008189349806e-04 6.879095328254897874e-05 -2.939266532393089090e-04 0.000000000000000000e+00 0.000000000000000000e+00
2.798592617717488408e-04 -9.381296787236484403e-05 -2.769425209576321413e-04 -6.996787090212176242e-04 8.424843942793107854e-05 3.028237174275208443e-04 6.879078363501394517e-05 -2.939256669501282113e-04 0.000000000000000000e+00 0.000000000000000000e+00
1.427195369205489558e-04 2.798590918973659428e-04 -9.381292931826852718e-05 -2.769421147837995635e-04 -6.996790331804378154e-04 8.424907446036815481e-05 3.028232341128664329e-04 6.879061488822025292e-05 -2.939246806376249696e-04 0.000000000000000000e+00
2.798589216138830447e-04 -9.381289070958467738e-05 -2.769417082272543525e-04 -6.996793574699367154e-04 8.424970968130979785e-05 3.028227506548548530e-04 6.879044720899451040e-05 -2.939236942860330953e-04 0.000000000000000000e+00 0.000000000000000000e+00
1.427187993434206759e-04 -9.381285216455594988e-05 5.206345736572693273e-04 -2.769413012573212303e-04 -6.996796818928195877e-04 8.425034509286296485e-05 3.028222668067576313e-04 6.879028074119184670e-05 -2.939227078803939054e-04 0.000000000000000000e+00
1.427184293558958462e-04 -9.381281380517548564e-05 5.206345987494895126e-04 -2.769408938527958045e-04 -6.996800064489256451e-04 8.425098069310609720e-05 3.028217823014882305e-04 6.879011560403185100e-05 -2.939217214067452069e-04 0.000000000000000000e+00
1.427180586667242137e-04 -9.381277575477567278e-05 5.206346225668729080e-04 -2.769404860008956026e-04 -6.996803311349642255e-04 8.425161647620523853e-05 3.028212968586960923e-04 6.878995189083900066e-05 -2.939207348522767174e-04 0.000000000000000000e+00
1.427176873705333449e-04 -9.381273813547680209e-05 5.206346453796007433e-04 -2.769400776961182986e-04 -6.996806559447292474e-04 8.425225243260890651e-05 3.028208101925592322e-04 6.878978966819776963e-05 -2.939197482054485685e-04 0.000000000000000000e+00
1.427173155767804964e-04 -9.381270106553909289e-05 5.206346675015405484e-04 -2.769396689390388991e-04 8.425288854931795078e-05 3.028203220201216455e-04 6.878962897552886799e-05 -2.939187614560729461e-04 0.000000000000000000e+00 0.000000000000000000e+00
1.427169434074656532e-04 -9.381266465666561818e-05 5.206346892824145279e-04 -2.769392597350804749e-04 8.425352481022630412e-05 3.028198320700046012e-04 6.878946982508707354e-05 -2.939177745953595183e-04 0.000000000000000000e+00 0.000000000000000000e+00
1.427165709945544614e-04 -9.381262901130518912e-05 5.206347110989741544e-04 -2.769388500932862479e-04 8.425416119652492908e-05 3.028193400913058815e-04 -2.939167876159240553e-04 0.000000000000000000e+00 0.000000000000000000e+00 0.000000000000000000e+00
1.427161984771572155e-04 -9.381259422000729474e-05 5.206347333453583597e-04 -2.769384400251270772e-04 -6.024072323489744593e-05 8.425479768716341708e-05 3.028188458624909442e-04 -2.939158005117626250e-04 0.000000000000000000e+00 0.000000000000000000e+00
1.427158259985171886e-04 -9.381256035888254805e-05 -3.339899686879328495e-04 5.206347564228283077e-04 -2.769380295433718827e-04 8.425543425935900772e-05 3.028183492000753770e-04 -2.939148132781949432e-04 0.000000000000000000e+00 0.000000000000000000e+00
1.427154537028622449e-04 -9.381252748722246934e-05 -3.339898649450186337e-04 5.206347807290849679e-04 -2.769376186610503893e-04 3.028178499668860292e-04 -2.939138259117762830e-04 0.000000000000000000e+00 0.000000000000000000e+00 0.000000000000000000e+00
1.427150817321801515e-04 -9.381249564533259962e-05 -3.339897620268917591e-04 5.206348066473942418e-04 -2.769372073905324223e-04 3.028173480796940127e-04 -2.939128384101847170e-04 0.000000000000000000e+00 0.000000000000000000e+00 0.000000000000000000e+00
-1.275883645646244322e-04 -9.381246554393474419e-05 -3.339896612046981748e-04 5.206348368301522275e-04 -2.769367960657433602e-04 -6.024096751925975637e-05 -2.939118508152774420e-04 0.000000000000000000e+00 0.000000000000000000e+00 0.000000000000000000e+00
-1.275884030480515163e-04 1.427143414508764735e-04 -9.381243787165170008e-05 -3.339895637262079971e-04 5.206348738951473978e-04 -2.769363850187268948e-04 -6.024102381229774999e-05 -4.170611982283109736e-05 -2.939108631697705601e-04 0.000000000000000000e+00
-1.275884520410157429e-04 1.427139727977807930e-04 -9.381241115497859610e-05 -3.339894676671140497e-04 5.206349133168841061e-04 -2.769359735799052430e-04 -6.024108089366297182e-05 -4.170650265522980044e-05 -2.939098753834514031e-04 0.000000000000000000e+00
-1.275885117820717307e-04 1.427136048380273873e-04 -9.381238526027781089e-05 -3.339893730732413843e-04 5.206349550429313112e-04 -2.769355617144269427e-04 -6.024113841418851200e-05 -4.170688524843160338e-05 -2.939088874518474745e-04 0.000000000000000000e+00
-1.275885822925300697e-04 1.427132375939794983e-04 -9.381236003188008442e-05 -3.339892799551259523e-04 5.206349989667035912e-04 -2.769351493859828765e-04 -6.024119609305932647e-05 -4.170726761543459268e-05 -2.939078993709887512e-04 0.000000000000000000e+00
-1.275886633782773443e-04 1.427128710727296787e-04 -9.381233529501479119e-05 -3.339891882882204408e-04 5.206350449296441845e-04 -2.769347365582850687e-04 -6.024125371844513317e-05 -4.170764977681133516e-05 -2.939069111374133757e-04 0.000000000000000000e+00
-1.275887546358729543e-04 1.427125052662419572e-04 -3.339890980138104232e-04 5.206350927246029305e-04 -2.769343231967265990e-04 -6.024131114624887008e-05 -4.170803176015378677e-05 -2.939059227481769258e-04 0.000000000000000000e+00 0.000000000000000000e+00
-1.275888554627908683e-04 1.427121401518004554e-04 -3.339890090406181654e-04 5.206351421003480679e-04 -2.769339092701845768e-04 -6.024136829704515220e-05 -4.170841359935187803e-05 -2.939049342008687865e-04 0.000000000000000000e+00 0.000000000000000000e+00
-1.275889650716044573e-04 1.427117756927539084e-04 -7.973254924767297935e-05 -3.339889212470634585e-04 5.206351927671161580e-04 -2.769334947529200966e-04 -6.024142515131905194e-05 -4.170879533371932860e-05 -2.939039454936330205e-04 0.000000000000000000e+00
-1.275890825078460967e-04 1.427114118395414293e-04 -7.973248855754846325e-05 -3.339888344841382179e-04 5.206352444031065634e-04 -2.769330796265328924e-04 -6.024148174314834461e-05 -4.170917700698395010e-05 -2.939029566251970455e-04 0.000000000000000000e+00
-1.275892066712084141e-04 1.427110485309779114e-04 -7.973242839373894135e-05 -3.339887485788412902e-04 5.206352966617865856e-04 -2.769326638819149611e-04 -6.024153815250368082e-05 -4.170955866616164119e-05 -2.939019675949059492e-04 0.000000000000000000e+00
-1.275893363396958687e-04 1.427106856957743787e-04 -7.973236857422508347e-05 -3.339886633381091742e-04 5.206353491798729281e-04 -2.769322475211553978e-04 -6.024159449636926202e-05 -4.170994036033615868e-05 -2.939009784027632553e-04 0.000000000000000000e+00
-1.275894701962801056e-04 1.427103232542647668e-04 -7.973230890666545333e-05 -3.339885785531738626e-04 5.206354015858269619e-04 -2.769318305593380567e-04 -6.024165091891246077e-05 -4.171032213936893049e-05 0.000000000000000000e+00 0.000000000000000000e+00
-1.275896068575664783e-04 1.427099611203048763e-04 -7.973224919098361818e-05 -3.339884940042623165e-04 5.206354535086988884e-04 -2.769314130261784799e-04 -6.024170758095142675e-05 -4.171070405256463995e-05 7.605580528336755228e-04 0.000000000000000000e+00
-1.275897449039351396e-04 1.427095992033080977e-04 -7.973218922214062997e-05 -3.339884094655563114e-04 5.206355045871368086e-04 -2.769309949674451780e-04 -6.024176464898912047e-05 -4.171108614732032345e-05 7.605581222743332823e-04 0.000000000000000000e+00
-1.275898782099090108e-04 1.427092370955911039e-04 -7.973212888342090510e-05 -3.339883239728212412e-04 5.206355526245542769e-04 -2.769305755439494064e-04 -6.024182569016877259e-05 -4.171146874305878000e-05 7.605581933241231402e-04 0.000000000000000000e+00
-1.275900006736711237e-04 1.427088743891808959e-04 -7.973206805916625524e-05 -3.339882365656975474e-04 5.206355954507313434e-04 -6.024189425704382360e-05 -4.171185215480560312e-05 7.605582667960317103e-04 0.000000000000000000e+00 0.000000000000000000e+00
-1.275901207914923309e-04 1.427085116519338640e-04 -7.973200635834219914e-05 -3.339881485745894952e-04 5.206356366656938843e-04 -6.024196333901943719e-05 -4.171223584030033562e-05 7.605583408977554909e-04 -2.897154133827736027e-05 0.000000000000000000e+00
-1.275902378697139059e-04 1.427081488346888122e-04 -7.973194357556013352e-05 -3.339880598888308343e-04 5.206356762542335790e-04 -6.024203261096583157e-05 -4.171261979366161439e-05 7.605584154523457483e-04 -2.897189715683084511e-05 0.000000000000000000e+00
-1.275903513114868355e-04 1.427077858933450852e-04 -7.973187951628860147e-05 -3.339879704139993733e-04 5.206357142440382405e-04 -6.024210171602609485e-05 -4.171300400222851271e-05 7.605584902586400454e-04 -2.897225297662071346e-05 0.000000000000000000e+00
-1.275904606241713094e-04 1.427074227895597919e-04 -7.973181400035922277e-05 -3.339878800733837427e-04 5.206357507041719807e-04 -6.024217027188538074e-05 7.605585650961679302e-04 -2.897260881720415985e-05 0.000000000000000000e+00 0.000000000000000000e+00
-1.382227133985947207e-04 -1.275905654244522574e-04 1.427070594913112380e-04 -7.973174686538278457e-05 -3.339877888090902027e-04 5.206357857425853407e-04 -6.024223787825556275e-05 7.605586397306166166e-04 -2.897296469918187936e-05 0.000000000000000000e+00
-1.382230722111539481e-04 -1.275906654411370787e-04 1.427066959733223070e-04 -7.973167797002273232e-05 -3.339876965827771362e-04 5.206358195027073173e-04 -6.024230412543091071e-05 7.605587139197591846e-04 -2.897332064395638881e-05 0.000000000000000000e+00
-1.382234301362311388e-04 -1.275907605156415003e-04 1.427063322173392356e-04 -7.973160719707027885e-05 -3.339876033760138651e-04 5.206358521591844491e-04 -6.024236860374328239e-05 7.605587874197360142e-04 -2.897367667348925690e-05 0.000000000000000000e+00
-1.382237873363507464e-04 -1.275908506002099672e-04 1.427059682122641573e-04 -7.973153445626917116e-05 -3.339875091902646045e-04 5.206358839128494677e-04 -6.024243091372185000e-05 7.605588599915698647e-04 -2.897403281005913066e-05 0.000000000000000000e+00
-1.382241439813572425e-04 -1.275909357539544559e-04 -7.973145968683621656e-05 -3.339874140465084497e-04 -6.024249067673785135e-05 7.605589314077917593e-04 -2.897438907602231648e-05 0.000000000000000000e+00 0.000000000000000000e+00 0.000000000000000000e+00
-1.382245002445006048e-04 5.973963648866872147e-05 -6.811770514245628913e-04 -7.973138285962704419e-05 -3.339873179845060758e-04 -6.024254754589809086e-05 7.605590014590416078e-04 -2.897474549357725754e-05 0.000000000000000000e+00 0.000000000000000000e+00
-1.382248562983995344e-04 5.973919785331552345e-05 -6.811767637383731337e-04 -7.973130397889878745e-05 -3.339872210617354851e-04 7.605590699605133554e-04 -2.897510208453449318e-05 0.000000000000000000e+00 0.000000000000000000e+00 0.000000000000000000e+00
-1.382252123109603830e-04 5.973875912194248758e-05 -6.811764753334095942e-04 -7.973122308362405564e-05 -3.339871233520192990e-04 -1.064736517254078245e-05 -3.678627798130323402e-04 7.605591367580999147e-04 -2.897545887009274747e-05 0.000000000000000000e+00
-1.382255684413331333e-04 5.973832040927881708e-05 -6.811761858170185899e-04 -7.973114024831461598e-05 -3.339870249438751438e-04 -1.064704494102933376e-05 -3.678625433714129644e-04 7.605592017341049598e-04 -2.897581587062233947e-05 0.000000000000000000e+00
-1.382259256606202427e-04 5.973788218107005035e-05 -6.811758925170623277e-04 -7.973105490789998999e-05 -3.339869263134052500e-04 -1.064672236797876223e-05 -3.678623073574350719e-04 7.605592631057036266e-04 -2.897617305946862635e-05 0.000000000000000000e+00
-1.382262849239682362e-04 5.973744489858968319e-05 -6.811755927838374341e-04 -7.973096653252207853e-05 -3.339868279476166453e-04 -1.064639783896840454e-05 -3.678620716970034733e-04 7.605593191351419854e-04 -2.897653040871491664e-05 0.000000000000000000e+00
-1.382266446158215241e-04 5.973700792220927613e-05 -6.811752910919023282e-04 -7.973087671635786116e-05 -3.339867291826256138e-04 -1.064607095594520852e-05 -3.678618363983628754e-04 7.605593734136176882e-04 -2.897688803127265039e-05 0.000000000000000000e+00
-1.382270047252290410e-04 5.973657130274785833e-05 -6.811749874376750230e-04 -7.973078575385320207e-05 -3.339866301002810170e-04 -1.064574186165485442e-05 -3.678616014064159129e-04 7.605594262162632992e-04 -2.897724594768006588e-05 0.000000000000000000e+00
-1.382273652190863812e-04 5.973613508325667894e-05 -6.811746818630758701e-04 -7.973069396791995095e-05 -3.339865307875632995e-04 -1.064541072205929432e-05 -3.678613666616635221e-04 7.605594778651157033e-04 -2.897760417650415579e-05 0.000000000000000000e+00
-1.382277260433734697e-04 5.973569929936008025e-05 -7.973060170451959426e-05 -3.339864313356200368e-04 -1.064507772517626452e-05 -3.678611321018750461e-04 7.605595287226648866e-04 -2.897796273399118146e-05 0.000000000000000000e+00 0.000000000000000000e+00
-1.382280871248950859e-04 5.973526397981545423e-05 -7.973050932670050917e-05 -3.339863318387867926e-04 -1.064474307975529336e-05 -3.678608976638202480e-04 7.605595791843418243e-04 -2.897832163373127153e-05 0.000000000000000000e+00 0.000000000000000000e+00
-1.382284483734910372e-04 3.053426050289056700e-04 5.973482914727174360e-05 -7.973041720817741318e-05 -3.339862323936006031e-04 -1.064440701379117200e-05 -3.678606632850291332e-04 7.605596296700836050e-04 -2.897868088634287509e-05 0.000000000000000000e+00
3.053421646105678572e-04 5.973439481920190993e-05 -7.973032572655205116e-05 -1.064406977287586713e-05 -3.678604289055452132e-04 7.605596806151152184e-04 -2.897904049918203619e-05 0.000000000000000000e+00 0.000000000000000000e+00 0.000000000000000000e+00
3.053417242073918529e-04 5.973396100898140305e-05 -7.973023525628314726e-05 -1.064373161839038687e-05 -3.678601944696434779e-04 7.605597324601274427e-04 -2.897940047608223962e-05 0.000000000000000000e+00 0.000000000000000000e+00 0.000000000000000000e+00
-1.015636202916430313e-04 3.053412837779223197e-04 5.973352772707995676e-05 4.767910812859354032e-04 -7.973014616151845963e-05 -1.064339282553812611e-05 -3.678599599274749677e-04 7.605597856410217013e-04 -2.897976081713004537e-05 0.000000000000000000e+00
-1.015642521974477995e-04 3.053408432822258688e-04 5.973309498233208404e-05 4.767908221238558570e-04 -7.973005878890974561e-05 -1.064305368122203594e-05 -3.678597252366080212e-04 7.605598405784264786e-04 -2.898012151848169247e-05 0.000000000000000000e+00
-1.015648830577994827e-04 3.053404026828678724e-04 5.973266278324904300e-05 4.767905634025082886e-04 -7.972997346053446645e-05 -1.064271448176874433e-05 -3.678594903634309615e-04 7.605598976671868469e-04 -2.898048257222572038e-05 0.000000000000000000e+00
-1.015655123022599207e-04 3.053399619458535509e-04 5.973223113933238845e-05 4.767903050399954269e-04 -7.972989046704972830e-05 -1.064237553050350764e-05 -3.678592552843865148e-04 -2.898084396629613800e-05 0.000000000000000000e+00 0.000000000000000000e+00
-1.015661393892418985e-04 3.053395210415187533e-04 5.973180006234891237e-05 4.767900469507571864e-04 -7.972981006120730303e-05 -1.064203713518135447e-05 -3.678590199870067357e-04 -2.898120568444047693e-05 0.000000000000000000e+00 0.000000000000000000e+00
-1.015667612747546297e-04 3.053390797626736371e-04 5.973136900616284631e-05 4.767897887171483194e-04 -7.972973364688173872e-05 -1.064169915544837320e-05 -3.678587840611928029e-04 -2.898156779480530590e-05 0.000000000000000000e+00 0.000000000000000000e+00
-1.015673749689396450e-04 3.053386379079144216e-04 5.973093742887261755e-05 4.767895299216136210e-04 -7.972966257929562370e-05 -1.064136144959833021e-05 -3.678585471090806830e-04 -2.018309675813547842e-04 -2.898193036151369562e-05 0.000000000000000000e+00
-1.015679854217752106e-04 3.053381958474355958e-04 5.973050653051909301e-05 4.767892711707998770e-04 -7.972959446308203993e-05 -1.064102526335072766e-05 -3.678583100123619058e-04 -2.018308981586621463e-04 -2.898229317082808980e-05 0.000000000000000000e+00
-1.015685926394609574e-04 3.053377535979193993e-04 5.973007640939611619e-05 4.767890124234406722e-04 -7.972952920361993975e-05 -1.064069094750724221e-05 -3.678580728572032220e-04 -2.018308291500916954e-04 -2.898265618009286128e-05 0.000000000000000000e+00
-1.015691967062993639e-04 3.053373111826987842e-04 5.972964716815468839e-05 4.767887536428495865e-04 -1.064035884076145001e-05 -3.678578357405108386e-04 -2.018307604172767643e-04 -2.898301934360224437e-05 0.000000000000000000e+00 0.000000000000000000e+00
-1.015697977824468642e-04 3.053368686312442630e-04 5.972921891174182586e-05 4.767884947972461608e-04 2.798470807572302817e-04 -1.064002926465169449e-05 -3.678575987676343498e-04 -2.018306918108730844e-04 -2.898338261331384489e-05 0.000000000000000000e+00
-1.015703961000421075e-04 3.053364259785092127e-04 5.972879174509822936e-05 4.767882358599392347e-04 2.798469093167402764e-04 -1.063970251850374234e-05 -3.678573620497868233e-04 -2.018306231748005644e-04 0.000000000000000000e+00 0.000000000000000000e+00
-1.015709919577850826e-04 3.053359832641471352e-04 5.972836577065307923e-05 4.767879768093730261e-04 2.798467386534674831e-04 -3.678571257012272847e-04 -2.018305543507525955e-04 3.027909535231376650e-04 0.000000000000000000e+00 0.000000000000000000e+00
-1.015715857140675184e-04 3.053355405316134498e-04 5.972794108566033353e-05 4.767877176290325337e-04 2.798465683997455010e-04 -3.678568898362520557e-04 -2.018304851828838160e-04 3.027904953715694408e-04 0.000000000000000000e+00 0.000000000000000000e+00
-1.015721777787826307e-04 3.053350978271679732e-04 5.972751777942577944e-05 4.767874583072234445e-04 2.798463981739673662e-04 -3.678566545660560982e-04 -2.018304155225856698e-04 -6.997008687382801377e-04 3.027900402119209711e-04 0.000000000000000000e+00
-1.015727686039644324e-04 3.053346551987987404e-04 5.972709593047788892e-05 4.767871988367324530e-04 2.798462275892115185e-04 -3.678564199955180287e-04 -2.018303452332505265e-04 -6.997011945576828455e-04 3.027895870119182175e-04 0.000000000000000000e+00
-1.015733586734312178e-04 3.053342126950822914e-04 5.972667560373981293e-05 4.767869392143783474e-04 2.798460562622463710e-04 -3.678561862199768401e-04 -2.018302741949233418e-04 -6.997015203765993971e-04 3.027891346899613638e-04 0.000000000000000000e+00
-1.015739484916260995e-04 3.053337703640074201e-04 5.972625684776145389e-05 4.767866794404719685e-04 2.798458838227479810e-04 -2.018302023087397313e-04 -6.997018461923186364e-04 3.027886821418740351e-04 0.000000000000000000e+00 0.000000000000000000e+00
-1.015745385718662359e-04 3.053333282517809257e-04 5.972583969207403954e-05 4.767864195181971301e-04 2.798457099225497031e-04 -2.018301295010450707e-04 -6.997021720022429236e-04 8.429425822624186536e-05 3.027882282685875328e-04 0.000000000000000000e+00
-1.015751294242259910e-04 3.053328864016396525e-04 5.972542414472911269e-05 4.767861594529332640e-04 -2.018300557270942552e-04 -6.997024978041076855e-04 8.429489570594180653e-05 3.027877720042050289e-04 0.000000000000000000e+00 0.000000000000000000e+00
-1.015757235712193551e-04 3.053324450803080142e-04 5.972501088192220956e-05 4.767858994831013610e-04 -2.018299795263513554e-04 -6.997028235391001584e-04 8.429553401390150395e-05 3.027873068281218831e-04 6.877898688262123474e-05 0.000000000000000000e+00
-1.015763235088299181e-04 3.053320045494058925e-04 5.972460055462203642e-05 4.767856398479846237e-04 -2.018298994721634402e-04 -6.997031491491471130e-04 8.429617345791087042e-05 3.027868263048892421e-04 6.877883236974246541e-05 0.000000000000000000e+00
-1.015769254205684549e-04 3.053315643602225030e-04 5.972419164656882608e-05 4.767853800705597377e-04 -2.018298186532129228e-04 -6.997034747537932229e-04 8.429681350046445455e-05 3.027863411750005614e-04 6.877868058114113762e-05 0.000000000000000000e+00
-1.015775294417515417e-04 3.053311245060980799e-04 4.767851201301031541e-04 -2.018297373382436520e-04 -6.997038003610438033e-04 8.429745412621038726e-05 3.027858514305476704e-04 6.877853142377447684e-05 0.000000000000000000e+00 0.000000000000000000e+00
-1.015781356551440822e-04 3.053306849733425105e-04 4.767848600054467472e-04 -1.010905234799613738e-05 -2.018296558279508875e-04 -6.997041259799996471e-04 8.429809530920814224e-05 3.027853571998412340e-04 6.877838474764678522e-05 0.000000000000000000e+00
-1.015787440899899364e-04 3.053302457415106152e-04 4.767845996753052973e-04 -1.010919497887609202e-05 -2.018295744484432626e-04 -6.997044516207611819e-04 8.429873701340708924e-05 3.027848587431425202e-04 6.877824034832693200e-05 0.000000000000000000e+00
-1.015793547221760821e-04 4.767843391186658277e-04 -1.010933950953562043e-05 -2.018294935438910264e-04 -6.997047772943094240e-04 8.429937919332879603e-05 3.027843564453237303e-04 6.877809797057183845e-05 0.000000000000000000e+00 0.000000000000000000e+00
-1.015799674755176656e-04 4.767840783152327245e-04 -1.010948547944519786e-05 -2.018294134684907499e-04 -6.997051030123586359e-04 8.430002179494215577e-05 3.027838508056007673e-04 6.877795731299983647e-05 0.000000000000000000e+00 0.000000000000000000e+00
-1.015805822241294090e-04 4.767838172459149763e-04 -1.010963238800104938e-05 -2.018293345778924045e-04 -6.997054287871856725e-04 8.430066475671668940e-05 3.027833424245386933e-04 6.877781803373913150e-05 0.000000000000000000e+00 0.000000000000000000e+00
-1.015811987958345188e-04 4.767835558933530967e-04 -1.010977970528786725e-05 -2.018292572202509531e-04 -6.997057546314430646e-04 8.430130801083843771e-05 3.027828319885863444e-04 6.877767975696003934e-05 0.000000000000000000e+00 0.000000000000000000e+00
-1.015818169765396575e-04 4.767832942424664300e-04 -1.010992688366563552e-05 -2.018291817270740035e-04 -6.997060805579494430e-04 8.430195148456670487e-05 3.027823202524360905e-04 6.877754208018337610e-05 0.000000000000000000e+00 0.000000000000000000e+00
4.767830322810142794e-04 -1.011007336997577629e-05 -2.018291084040486991e-04 -6.997064065794717218e-04 8.430259510171086372e-05 3.027818080195549791e-04 6.877740458224275769e-05 0.000000000000000000e+00 0.000000000000000000e+00 0.000000000000000000e+00
4.767827700001543798e-04 -1.011021861814582835e-05 -2.769074073958875974e-04 -2.018290375220360374e-04 8.430323878420040249e-05 3.027812961212707470e-04 6.877726683176596100e-05 0.000000000000000000e+00 0.000000000000000000e+00 0.000000000000000000e+00
4.767825073949846196e-04 -9.381001800780689999e-05 -1.011036210195939723e-05 -2.769070207998060610e-04 -2.018289693084285047e-04 8.430388245372291039e-05 3.027807853948298990e-04 6.877712839602804454e-05 0.000000000000000000e+00 0.000000000000000000e+00
4.767822444650533743e-04 -9.380999615343538385e-05 -1.011050332774834759e-05 -2.769066340785921983e-04 -2.018289039390642049e-04 8.430452603339983397e-05 -4.173416278880001526e-05 3.027802766608718899e-04 6.877698885002040145e-05 0.000000000000000000e+00
-9.380997216516608647e-05 -1.011063967148742494e-05 -2.769062452855805241e-04 -2.018288439303070727e-04 8.430516924493941999e-05 -4.173454693960822480e-05 3.027797750645823752e-04 6.877684661828897686e-05 0.000000000000000000e+00 0.000000000000000000e+00
-9.380994475332016778e-05 -1.011076856468562630e-05 -2.769058524882843700e-04 -2.018287917345276087e-04 8.430581181471987211e-05 -4.173493046102753901e-05 3.027792856919648591e-04 6.877670015059573767e-05 0.000000000000000000e+00 0.000000000000000000e+00
-9.380991592152943957e-05 -1.011089423538573329e-05 -2.769054585821753046e-04 -2.018287423113200845e-04 8.430645410819413818e-05 -4.173531353634024127e-05 3.027788000473420897e-04 6.877655154207623167e-05 -2.938357112099567532e-04 0.000000000000000000e+00
-9.380988562019962134e-05 -1.011101669603874736e-05 -2.769050634304548778e-04 -2.018286952812550479e-04 8.430709609505776460e-05 -4.173569617085604234e-05 3.027783181444390365e-04 6.877640062691806739e-05 -2.938347189851800738e-04 0.000000000000000000e+00
-9.380985383147952760e-05 -1.011113603634461230e-05 -2.769046669307396557e-04 -2.018286501976274616e-04 8.430773775348485361e-05 -4.173607837610047208e-05 3.027778398934963906e-04 6.877624728498759189e-05 -2.938337267487236637e-04 0.000000000000000000e+00
-1.275953615473546232e-04 -9.380982056907991127e-05 -1.011125242147718380e-05 -2.769042690160386294e-04 -2.018286065552366264e-04 8.430837907055568621e-05 -4.173646016954058314e-05 3.027773651029857724e-04 6.877609144392761876e-05 -2.938327345656096211e-04
-1.275954528896771365e-04 -9.380978587745979701e-05 -1.011136608877819044e-05 -2.769038696549263072e-04 -2.018285638006388856e-04 8.430902004252751518e-05 -4.173684157420607651e-05 3.027768934836321760e-04 6.877593308041353047e-05 -2.938317425007780782e-04
-1.275955425492140386e-04 -9.380974983039963057e-05 -1.011147734297703541e-05 -2.769034688509232562e-04 -2.018285213436996626e-04 8.430966067494484201e-05 -4.173722261821146649e-05 3.027764246546621181e-04 6.877577222054910707e-05 -2.938307506179841885e-04
-1.275956305455905543e-04 -9.380971252899139828e-05 -1.011158655001801344e-05 -2.769030666411029023e-04 -2.018284785702422520e-04 8.431030098258534232e-05 -4.173760333418602750e-05 6.877560893939705310e-05 -2.938297589786900178e-04 0.000000000000000000e+00
-1.275957169169273406e-04 -9.380967409908653716e-05 -1.011169412960000541e-05 -2.769026630939660063e-04 -2.018284348555706939e-04 8.431094098924362171e-05 -4.173798375862082662e-05 6.877544335965167662e-05 -2.938287676409712893e-04 0.000000000000000000e+00
-1.275958017178217558e-04 -9.380963468825125127e-05 -1.011180054655618171e-05 -2.769022583066288391e-04 -2.018283895786182321e-04 8.431158072735408962e-05 -4.173836393114221320e-05 6.877527564947254484e-05 -2.938277766584519377e-04 0.000000000000000000e+00
-1.275958850171386087e-04 -9.380959446228776769e-05 -1.011190630122180278e-05 -2.769018524013902192e-04 8.431222023745816880e-05 -4.173874389372350901e-05 6.877510601951202190e-05 -2.938267860792891334e-04 0.000000000000000000e+00 0.000000000000000000e+00
-1.275959668956624536e-04 -9.380955360138929487e-05 -1.011201191895730748e-05 -2.769014455217483155e-04 8.431285956752305045e-05 -4.173912368984673707e-05 6.877493471918021952e-05 -2.938257959452237385e-04 0.000000000000000000e+00 0.000000000000000000e+00
-1.275960474436630689e-04 -9.380951229600116212e-05 -1.011211793901033474e-05 -2.769010378279543891e-04 8.431349877212103449e-05 -4.173950336362809054e-05 6.877476203220230237e-05 -2.938248062907122403e-04 0.000000000000000000e+00 0.000000000000000000e+00
-1.275961267584298730e-04 -9.380947074246995699e-05 -1.011222490291504488e-05 -2.769006294921962249e-04 8.431413791148073067e-05 -4.173988295892106719e-05 6.877458827153489450e-05 -2.938238171421607620e-04 0.000000000000000000e+00 0.000000000000000000e+00
-1.275962056663087476e-04 -9.380942988313947090e-05 -1.011233480166512677e-05 -2.769002215802072618e-04 8.431477706070390191e-05 -4.174026259641754175e-05 6.877441396587510424e-05 -2.938228287131905252e-04 0.000000000000000000e+00 0.000000000000000000e+00
-1.275962849962508584e-04 -9.380939065765708448e-05 -1.011244960558214393e-05 5.206378496672461843e-04 -2.768998151597998965e-04 -4.174064239478737223e-05 6.877423966147834175e-05 -2.938218412083055866e-04 0.000000000000000000e+00 0.000000000000000000e+00
-1.275963633361338332e-04 -9.380935169487683025e-05 -1.011256673855622515e-05 -2.768994085522332696e-04 -4.174102222846497829e-05 6.877406532113283690e-05 -2.938208542163761030e-04 0.000000000000000000e+00 0.000000000000000000e+00 0.000000000000000000e+00
-1.275964407016214931e-04 1.426808615382950873e-04 -9.380931308127072969e-05 -1.011268645959584435e-05 -2.768990018198384351e-04 -4.174140212206458851e-05 6.877389129101401635e-05 -2.938198677031165660e-04 0.000000000000000000e+00 0.000000000000000000e+00
-1.275965171074781238e-04 1.426804877688958942e-04 -9.380927489037955210e-05 -2.768985950145989839e-04 -4.174178209596513119e-05 6.877371791524927594e-05 -2.938188816251702728e-04 0.000000000000000000e+00 0.000000000000000000e+00 0.000000000000000000e+00
-1.275965925689835222e-04 1.426801131770843317e-04 -6.811558801801969763e-04 -9.380923718207185723e-05 5.206379542259610606e-04 -4.174216216591439895e-05 6.877354552965484293e-05 -2.938178959310242845e-04 0.000000000000000000e+00 0.000000000000000000e+00
-1.275966671036024504e-04 1.426797379102787188e-04 -6.811555393714458558e-04 -9.380920000214546970e-05 5.206379744527844236e-04 -4.174254234270910062e-05 6.877337445550394453e-05 -2.938169105620865810e-04 0.000000000000000000e+00 0.000000000000000000e+00
-1.275967407328625015e-04 1.426793621317717204e-04 -6.811551989351787885e-04 -9.380916338226963683e-05 5.206379926060198489e-04 -4.174292263195588282e-05 6.877320499342102849e-05 -2.938159254539062762e-04 0.000000000000000000e+00 0.000000000000000000e+00
-1.275968134843884964e-04 1.426789860177538332e-04 -6.811548595029001717e-04 -9.380912734026030752e-05 5.206380089115517518e-04 -4.174330303391683787e-05 -2.938149405375156437e-04 0.000000000000000000e+00 0.000000000000000000e+00 0.000000000000000000e+00
-1.382506727290585213e-04 -1.275968853940365189e-04 1.426786097540292016e-04 -6.811545217052697009e-04 -9.380909188067628086e-05 5.206380236347677793e-04 -4.174368354344287958e-05 -2.938139557408708585e-04 0.000000000000000000e+00 0.000000000000000000e+00
-1.382510311893527378e-04 -1.275969565080641900e-04 1.426782335324800074e-04 -6.811541861585215449e-04 -9.380905699571557026e-05 5.206380370754884294e-04 -4.174406414999624047e-05 -2.938129709903667904e-04 0.000000000000000000e+00 0.000000000000000000e+00
-1.382513899494599175e-04 -1.275970268852707752e-04 1.426778575473379256e-04 -6.811538534507230588e-04 -9.380902266638815781e-05 5.206380495622391037e-04 -4.174444483776300514e-05 -2.938119862123952735e-04 0.000000000000000000e+00 0.000000000000000000e+00
-1.382517490758815250e-04 -1.275970965990388180e-04 1.426774819913306531e-04 -6.811535241281263054e-04 -9.380898886393457801e-05 5.206380614459640106e-04 -4.174482558585500231e-05 -2.938110013349237042e-04 0.000000000000000000e+00 0.000000000000000000e+00
-1.382521086314653720e-04 -1.275971657392041992e-04 1.426771070517692669e-04 -6.811531986818865781e-04 -9.380895555145556846e-05 5.206380730932816695e-04 -4.174520636859943584e-05 -2.938100162890581904e-04 0.000000000000000000e+00 0.000000000000000000e+00
-1.382524686744004809e-04 -1.275972344136846082e-04 1.426767329066509239e-04 -6.811528775354238566e-04 -9.380892268571390546e-05 5.206380848793957464e-04 -4.174558715591343593e-05 -2.938090310105642526e-04 0.000000000000000000e+00 0.000000000000000000e+00
-1.382528293211060142e-04 -1.275973016523763276e-04 1.426763603655529643e-04 -6.811525641125125343e-04 -9.380888981558702414e-05 5.206380979498660168e-04 -4.174596794551173481e-05 -2.938080451292781931e-04 0.000000000000000000e+00 0.000000000000000000e+00
-1.382531906815609197e-04 -1.275973665049171457e-04 1.426759902216276344e-04 -6.811522617485710326e-04 -9.380885648734444684e-05 -1.062289659751646374e-05 5.206381134445250665e-04 -6.127263874453669828e-04 -2.938070582823203093e-04 0.000000000000000000e+00
-1.382535526610260664e-04 -1.275974314364613908e-04 1.426756212535524660e-04 -6.811519641529579496e-04 -9.380882349501753169e-05 -1.062258901931954130e-05 5.206381301106420122e-04 -6.127269143556512672e-04 -2.938060710807154498e-04 0.000000000000000000e+00
-1.382539152828045641e-04 -1.275974967670804249e-04 1.426752534891155067e-04 -6.811516710068650461e-04 -9.380879083802562066e-05 -1.062228285382364328e-05 5.206381481926127203e-04 -6.127274439532465374e-04 -2.938050835293597087e-04 0.000000000000000000e+00
-1.382542785619467922e-04 -1.275975628325800399e-04 1.426748869327297304e-04 -6.811513818920254468e-04 -9.380875851781613720e-05 -1.062197802931112530e-05 5.206381679102994051e-04 -6.127279762281644723e-04 -2.938040956424504426e-04 0.000000000000000000e+00
-1.382546425050573040e-04 1.426745215657698989e-04 -6.811510962998228906e-04 -9.380872653809079148e-05 -1.062167446324643968e-05 5.206381894556426056e-04 -6.127285111201933622e-04 -2.938031074428707683e-04 0.000000000000000000e+00 0.000000000000000000e+00
-1.382550071102264940e-04 1.426741573473551937e-04 -6.811508136424122839e-04 -9.380869490490895905e-05 -1.062137206379312571e-05 5.206382129897490184e-04 -6.127290485207725857e-04 -6.024454461828056913e-05 -2.938021189613710445e-04 0.000000000000000000e+00
-1.382553723670854593e-04 1.426737942155616515e-04 -6.811505332656533646e-04 -1.062107073131542794e-05 5.206382386404943266e-04 -6.127295882757444233e-04 -6.024471381176147713e-05 -2.938011302355624616e-04 0.000000000000000000e+00 0.000000000000000000e+00
-1.382557382569845131e-04 1.426734320890389270e-04 -6.811502544636309888e-04 -1.062077035984489479e-05 5.206382665006608658e-04 -6.127301301889329001e-04 -6.024488590966745120e-05 7.605650774671341005e-04 -2.938001413087422539e-04 0.000000000000000000e+00
-1.382561047532910421e-04 1.426730708690037883e-04 -6.811499764945007449e-04 -1.062047083849440687e-05 5.206382966266417858e-04 -6.127306740264940391e-04 -6.024505865548726320e-05 7.605651333058878602e-04 -2.937991522285755266e-04 0.000000000000000000e+00
-1.382564718218040514e-04 1.426727104415704194e-04 -6.811496985973715000e-04 -1.062017205280395987e-05 5.206383290377169116e-04 -6.127312195219547985e-04 -6.024522975984381728e-05 7.605651913003692562e-04 -2.937981630456578210e-04 0.000000000000000000e+00
-1.382568394212778070e-04 1.426723506803780116e-04 -6.811494200099086141e-04 -1.061987388600497133e-05 5.206383637159085450e-04 -6.127317663818561281e-04 -6.024539694704352996e-05 7.605652517547469797e-04 -2.937971738119883949e-04 0.000000000000000000e+00
-1.382572075040498598e-04 1.426719914494637635e-04 -6.811491399863284441e-04 -1.061957622019215923e-05 5.206384006064174218e-04 -6.024555800250529621e-05 7.605653149250983080e-04 -2.937961845793850106e-04 0.000000000000000000e+00 0.000000000000000000e+00
-1.382575760167624739e-04 1.426716326063319864e-04 -6.811488578154276498e-04 2.798351304684584991e-04 -1.061927893739428648e-05 -6.024571082017412090e-05 7.605653810131326586e-04 0.000000000000000000e+00 0.000000000000000000e+00 0.000000000000000000e+00
-1.382579449011697877e-04 1.426712740051589519e-04 -6.811485728382892998e-04 2.798349382666445186e-04 -7.972472604397203867e-05 -3.339786206846244855e-04 -1.061898192053767105e-05 -6.024585344899783699e-05 7.605654501607479181e-04 0.000000000000000000e+00
-1.382583140501011812e-04 1.426709150126174476e-04 2.798347454890295211e-04 -7.972466206615008353e-05 -3.339785332577793167e-04 -1.061868512272773312e-05 -6.024597456753568424e-05 7.605655240568633818e-04 0.000000000000000000e+00 0.000000000000000000e+00
-1.382586833532996903e-04 1.426705549983700572e-04 2.798345519683317906e-04 -7.972459939010152828e-05 -3.339784514090813044e-04 -1.061838849959638716e-05 -3.678409035826752369e-04 -6.024606309061088656e-05 7.605656043235251886e-04 0.000000000000000000e+00
3.053051464860443960e-04 2.798343586460670185e-04 -7.972453684769272215e-05 -3.339783716568384088e-04 -1.061809179821819752e-05 -6.024613781584150813e-05 7.605656875283855079e-04 0.000000000000000000e+00 0.000000000000000000e+00 0.000000000000000000e+00
2.798341657485585053e-04 -7.972447436118689792e-05 -3.339782940007411985e-04 -1.061779490435720009e-05 -6.024619896629550519e-05 7.605657733482199282e-04 0.000000000000000000e+00 0.000000000000000000e+00 0.000000000000000000e+00 0.000000000000000000e+00
3.053042695763329389e-04 2.798339734923320499e-04 -7.972441184530158005e-05 -3.339782183942282862e-04 -1.061749770810902684e-05 -3.678402083637199700e-04 -6.024624706685454312e-05 7.605658613956951634e-04 0.000000000000000000e+00 0.000000000000000000e+00
3.053038314671694081e-04 2.798337820801121540e-04 -7.972434920916947278e-05 -3.339781447449731346e-04 -1.061720010449677140e-05 -3.678399738142180790e-04 -6.024628292711263158e-05 7.605659512276064958e-04 -2.901055277854014373e-05 0.000000000000000000e+00
-1.016160224628488663e-04 3.053033935339950918e-04 2.798335916969188399e-04 -7.972428635855337666e-05 -3.339780729163708238e-04 -1.061690199397204471e-05 -3.678397377476516107e-04 -6.024630761821020034e-05 7.605660423543878553e-04 -2.901092152513210705e-05
-1.016166320011933878e-04 3.053029557303417896e-04 2.798334025063349594e-04 -7.972422319827327008e-05 -3.339780027299971837e-04 -1.061660328282370224e-05 -3.678395001250506528e-04 -6.024632244404343586e-05 7.605661342507311464e-04 -2.901128996826006663e-05
-1.016172413855707246e-04 3.053025180063395085e-04 2.798332146470105088e-04 -7.972415963479873144e-05 -3.339779339689931859e-04 -1.061630388349800890e-05 -3.678392609269353990e-04 -6.024632890739226715e-05 -2.901165801042283920e-05 0.000000000000000000e+00
-1.016178507384316054e-04 6.471360822980732615e-07 3.053020803097312758e-04 2.798330282294790323e-04 -7.972409557895520271e-05 -3.339778663823179429e-04 -1.061600371483529837e-05 -3.678390201534225638e-04 -6.024632867160630771e-05 -2.901202555682583697e-05
-1.016184601939312631e-04 6.471508706813716206e-07 3.053016425869574499e-04 2.798328433333515438e-04 -7.972403094868798666e-05 -3.339777996897897610e-04 -1.061570270222916616e-05 -3.678387778240806952e-04 -6.024632351857629357e-05 -2.901239251707048511e-05
-1.016190698952178185e-04 6.471626755176270703e-07 3.053012047842934280e-04 2.798326600049543217e-04 -7.972396567182440095e-05 -3.339777335878266651e-04 -1.061540077771537925e-05 -3.678385339775365557e-04 -6.024631530379592260e-05 -2.901275880683146547e-05
-1.016196799914820037e-04 6.471714370181370556e-07 3.053007668490172774e-04 2.798324782554786091e-04 -7.972389968877276396e-05 -3.339776677557790611e-04 -1.061509787999830525e-05 -3.678382886708390204e-04 -6.024630590938773829e-05 -2.901312434949371625e-05
