9.666184373028905839e+02
1.035685196117590976e+03
1.102596753515716046e+03
1.166841962597253996e+03
1.227912146457419794e+03
1.285304668894997803e+03
1.338525920703174734e+03
1.387094719926130892e+03
1.430545758094832081e+03
1.468432807642264834e+03
1.500331912604113086e+03
1.525844502002730678e+03
1.544600297871019393e+03
1.556260116003632675e+03
1.560518515803634955e+03
1.557106258407432733e+03
1.545792563560785766e+03
1.526387151473248878e+03
1.498742037301947903e+03
1.462753093285815112e+03
1.418361379203948673e+03
1.365554228163319976e+03
1.304366069605554003e+03
1.234878989820083916e+03
1.157223038088944804e+03
1.071576268504486961e+03
9.781645195211026476e+02
8.772609414715185494e+02
7.691852771999671177e+02
6.543028996692880810e+02
5.330235946432512719e+02
4.058001419598729740e+02
2.731266660421712800e+02
1.355367509427605057e+02
-6.398703729226998149e+00
-1.520738853757361824e+02
-3.008505429956995840e+02
-4.520606098994855415e+02
-6.050091645603901043e+02
-7.589775122159022658e+02
-9.132264260691812296e+02
-1.066999609935502804e+03
-1.219527241892373695e+03
-1.370029643403469890e+03
-1.517721103705563792e+03
-1.661813810454817030e+03
-1.801521902537008827e+03
-1.936065597404751998e+03
-2.064675368960707146e+03
-2.186596150891635716e+03
-2.301091539297608961e+03
-2.407447983766743619e+03
-2.504978945745953752e+03
-2.593029007581254973e+03
-2.670977895891616299e+03
-2.738244393665705957e+03
-2.794290114011666901e+03
-2.838623092806433760e+03
-2.870801171275465549e+03
-2.890435153203099162e+03
-2.897191734839333549e+03
-2.890796175265247712e+03
-2.871034678499091569e+03
-2.837756475627737927e+03
-2.790875591839491335e+03
-2.730372281552644836e+03
-2.656294106604219905e+03
-2.568756672568094473e+03
-2.467944026295609092e+03
-2.354108694366129839e+03
-2.227571394848315322e+03
-2.088720394141769248e+03
-1.938010486277780956e+03
-1.775961587967731930e+03
-1.603156972643939753e+03
-1.420241158532392319e+03
-1.227917485492238029e+03
-1.026945422337379796e+03
-8.181375863954554006e+02
-6.023564822673664594e+02
-3.805110255689590986e+02
-1.535527859482249653e+02
7.752808243909260000e+01
3.117072190128355942e+02
5.479306206270115354e+02
7.851193919771909577e+02
1.022174739418348850e+03
1.257983104259863012e+03
1.491421417701893006e+03
1.721362462772475965e+03
1.946680373462554144e+03
2.166256246902491966e+03
2.378983807216442528e+03
2.583775131844851330e+03
2.779566362612445573e+03
2.965323262548517960e+03
3.140046705539529285e+03
3.302778115536188579e+03
3.452604818408162373e+03
3.588665445665562856e+03
3.710155014100319931e+03
3.816329376095634871e+03
3.906509569139623181e+03
3.980085994099486925e+03
4.036522257769895987e+03
4.075358476108753166e+03
4.096214250659179925e+03
4.098791293246958048e+03
4.082875617251143012e+03
4.048339302089487774e+03
3.995141757111175139e+03
3.923330530763910247e+03
3.833041661902706892e+03
3.724499578969744562e+03
3.598016523142728147e+03
3.453991557553952589e+03
3.292909219863740873e+03
3.115337688736848577e+03
2.921926488775654434e+03
2.713403914202306169e+03
2.490574075584991988e+03
2.254313579561670849e+03
2.005567864116321743e+03
1.745347257547920208e+03
1.474722831504748001e+03
1.194822048378963018e+03
9.068240216810370384e+02
6.119544843945041066e+02
3.114807088623836648e+02
6.706209359057367259e+00
-3.010348612879640200e+02
-6.103833160282016479e+02
-9.199606917013223892e+02
-1.228375213257725818e+03
-1.534227777747096752e+03
-1.836118155707199776e+03
-2.132651150087257975e+03
-2.422442771087316032e+03
-2.704126522322523670e+03
-2.976359728692058980e+03
-3.237829913393436073e+03
-3.487261116300969206e+03
-3.723420063285041579e+03
-3.945122253818567515e+03
-4.151237934178993783e+03
-4.340697928639029669e+03
-4.512499278536783095e+03
-4.665710626785984459e+03
-4.799477327599764976e+03
-4.913026281496973752e+03
-5.005670430999596647e+03
-5.076812865563677406e+03
-5.125950577587146654e+03
-5.152677802446452006e+03
-5.156688862645123663e+03
-5.137780539646381840e+03
-5.095853923214006500e+03
-5.030915725322827711e+03
-4.943079111408513199e+03
-4.832563987954833465e+03
-4.699696741537381968e+03
-4.544909501574076785e+03
-4.368738854636087126e+03
-4.171823994833503093e+03
-3.954904332994462493e+03
-3.718816663120923295e+03
-3.464491920778233634e+03
-3.192951428990404565e+03
-2.905302732642761839e+03
-2.602734978077697633e+03
-2.286513938019841135e+03
-1.957976667744783981e+03
-1.618525605609950617e+03
-1.269622404814062975e+03
-9.127816509684939774e+02
-5.495643721643582467e+02
-1.815712443935761939e+02
1.895644505931615242e+02
5.621841469309626973e+02
9.346114330384691584e+02
1.305159645191264872e+03
1.672139603825001814e+03
2.033867392739623710e+03
2.388672155258859220e+03
2.734903961846750008e+03
3.070941735073171003e+03
3.395201026278113659e+03
3.706141686277594090e+03
4.002275415333543151e+03
4.282173158659781620e+03
4.544472309210631465e+03
4.787883634280123260e+03
5.011198362471756809e+03
5.213294311685861430e+03
5.393141569403689573e+03
5.549808125451799242e+03
5.682464918264505286e+03
5.790390386215362014e+03
5.872974473626177314e+03
5.929722044847419056e+03
