2.468881303891390780e+04 -3.719349049034763652e+02 -9.648137190777517390e+03 7.040835377432036694e+03 -9.239569190997397527e+03 1.399535164875243936e+04 -1.470377194727373717e+04 1.876483305267586911e+04 9.615141734286669816e+03 0.000000000000000000e+00
-4.652431319637789784e+02 -9.712052679274385810e+03 7.012077258896870262e+03 -9.256162490058855838e+03 1.403792379246012570e+04 -1.476429111801061481e+04 1.866941907120679753e+04 9.505318352452457475e+03 0.000000000000000000e+00 0.000000000000000000e+00
-5.577003027356518032e+02 -9.776661141706790659e+03 6.982715364007945027e+03 -9.272578095037964886e+03 1.408109203850572339e+04 -1.482531892873560719e+04 1.857285459237348914e+04 9.396002813216970026e+03 0.000000000000000000e+00 0.000000000000000000e+00
-6.493040702508816366e+02 -9.841960815517879382e+03 6.952740962858639250e+03 -9.288825800489394169e+03 -1.488684867439285335e+04 1.847514629116949072e+04 9.287203303160717041e+03 0.000000000000000000e+00 0.000000000000000000e+00 0.000000000000000000e+00
-1.305727325807620218e+04 -7.400522488225226425e+02 -9.907949773741829631e+03 6.922145420241589818e+03 -9.304915408357977867e+03 1.837630099391896874e+04 9.178927879826544086e+03 0.000000000000000000e+00 0.000000000000000000e+00 0.000000000000000000e+00
-1.309292230841253331e+04 -8.299428142631553555e+02 -9.974625925192769500e+03 6.890920197392637419e+03 -9.320856726056226762e+03 1.827632567721042869e+04 9.071184470511581821e+03 0.000000000000000000e+00 0.000000000000000000e+00 0.000000000000000000e+00
-1.312762790655383469e+04 -9.189739040752419896e+02 -1.004198701468279251e+04 6.859056853718129787e+03 -9.336659564538562336e+03 -1.044415055791704845e+03 1.817522746680843557e+04 8.963980871082065278e+03 0.000000000000000000e+00 0.000000000000000000e+00
-1.316139667400397411e+04 -1.007143817616964839e+03 -1.011003062327107000e+04 6.826547048506975443e+03 -9.352333736365846562e+03 1.407523626169790441e+04 -1.104637987428397992e+03 1.807301363655074965e+04 8.857324744816614839e+03 0.000000000000000000e+00
-1.319423537163981018e+04 -1.094451016233050041e+03 -1.017875416853763636e+04 6.793382542622081928e+03 -9.367889053780721952e+03 1.409010927835599978e+04 -1.165608401297283763e+03 1.796969160720982472e+04 8.751223621261920925e+03 0.000000000000000000e+00
-1.322615089831757541e+04 -1.180894123350193013e+03 -1.024815490488167234e+04 6.759555200170777425e+03 -9.383335326794736829e+03 1.410480544090712465e+04 -1.227329685999309277e+03 1.786526894531836297e+04 8.645684895100592257e+03 0.000000000000000000e+00
-1.325715028946781240e+04 -1.266471924572624630e+03 -1.031822992386575243e+04 6.725056990171039615e+03 -9.398682361218552614e+03 1.411931272378156973e+04 -1.289805078161682331e+03 1.775975336203118422e+04 8.540715825086781479e+03 0.000000000000000000e+00
-1.328724071565395388e+04 -1.351183367724985374e+03 -1.038897615457400389e+04 6.689879988187874005e+03 -9.413939956737887769e+03 1.413361909604262291e+04 -1.353037661558414811e+03 1.765315271191675492e+04 8.436323532967624487e+03 0.000000000000000000e+00
-1.331642948110958059e+04 -1.435027562873737907e+03 -1.046039036400308760e+04 6.654016377954579184e+03 -9.429117904974853445e+03 1.414771252368002024e+04 -1.417030366262665211e+03 1.754547499174210679e+04 8.332515002439395175e+03 0.000000000000000000e+00
-1.334472402225148471e+04 -1.518003782320221944e+03 6.617458452975361070e+03 -9.444225987548334160e+03 1.416158097190217450e+04 -1.481785967828261846e+03 1.743672833923727376e+04 8.229297078127896384e+03 0.000000000000000000e+00 0.000000000000000000e+00
-1.337213190616877546e+04 -1.600111460565299240e+03 6.580198618108978735e+03 -9.459273974133766387e+03 1.417521240742682312e+04 -1.547307086500561354e+03 1.732692103183967629e+04 8.126676464593297169e+03 0.000000000000000000e+00 0.000000000000000000e+00
-1.339866082908812859e+04 -1.027227742836324433e+04 -1.681350194245544571e+03 6.542229391133194440e+03 -9.474271620522578814e+03 1.418859480076951877e+04 -1.613596186456813484e+03 1.721606148541854054e+04 8.024659725359537333e+03 0.000000000000000000e+00
-1.342431861481572196e+04 -1.042671182908802984e+04 -1.761719742040959773e+03 6.503543404289712271e+03 -9.489228666681750838e+03 1.420171612852979342e+04 -1.680655575076204059e+03 1.710415825297969786e+04 0.000000000000000000e+00 0.000000000000000000e+00
-1.344911321315581699e+04 -1.058071638682496814e+04 -1.841220024554171459e+03 6.464133405809391661e+03 -9.504154834813751222e+03 1.421456437567435569e+04 -1.748487402239703442e+03 0.000000000000000000e+00 0.000000000000000000e+00 0.000000000000000000e+00
-1.347305269830653378e+04 -1.073427716518347916e+04 -1.919851124161076086e+03 6.423992261417392911e+03 -9.519059827417242559e+03 1.422712753781710308e+04 1.644622305116858115e+04 -1.812080441643571976e+04 -1.817093659659889454e+03 0.000000000000000000e+00
-1.349614526723290692e+04 -1.088738027703078478e+04 -1.997613284832939144e+03 6.383112955818117371e+03 -9.533953325348897124e+03 1.423939362349539078e+04 1.647953226757220546e+04 -1.824099729904289779e+04 -1.886476180240874555e+03 0.000000000000000000e+00
-1.351839923801758596e+04 -1.104001188664275287e+04 1.408384708577477431e+04 -2.074506911929901435e+03 6.341488594159552122e+03 -9.548844985886644281e+03 1.425135065644226233e+04 1.651292704048784435e+04 -1.836026885126798879e+04 -1.956636637468471008e+03
-1.353982304818945522e+04 -1.119215821184689776e+04 1.399325646942530511e+04 -2.150532571965902662e+03 6.299112403476854524e+03 -9.563744440794755064e+03 1.426298667785420912e+04 1.654639606091134192e+04 -1.847860895427429568e+04 -2.027576544830718603e+03
-1.356042525303187722e+04 -1.134380552616150271e+04 1.390308155749707112e+04 6.255977734116825559e+03 -9.578661294396322774e+03 1.427428974866049612e+04 1.657992794902649621e+04 -1.859600760965284644e+04 -2.099297255267703349e+03 0.000000000000000000e+00
-1.358021452386663441e+04 -1.149494016091714366e+04 1.381333152700863320e+04 6.212078061137266559e+03 1.428524795177431588e+04 1.661351125619969025e+04 -1.871245494095081813e+04 -2.171799960654375354e+03 0.000000000000000000e+00 0.000000000000000000e+00
-1.359919964631397306e+04 -1.164554850735985019e+04 1.372401542753461217e+04 6.167406985680880098e+03 1.508811878361957679e+04 1.429584939432474857e+04 1.664713446698504777e+04 -1.882794119516884530e+04 -2.245085691316592147e+03 -1.580016735943014464e+04
-1.361738951854268453e+04 -1.179561701878131316e+04 1.363514217978411943e+04 6.121958236342886266e+03 1.522857946822396661e+04 1.430608220993535360e+04 1.668078600115682275e+04 -1.894245674427398626e+04 -2.319155315568150854e+03 -1.571132619402052296e+04
-1.363479314949022591e+04 -1.194513221260795763e+04 1.354672057416856842e+04 6.075725670503312358e+03 1.536837255339589501e+04 1.431593456095093643e+04 1.671445421574337161e+04 -1.905599208665840706e+04 -2.394009539287201278e+03 -1.562276904137529709e+04
-1.365141965706514202e+04 -1.209408067248869338e+04 1.345875926940256250e+04 6.028703275640796164e+03 1.550748464073861032e+04 1.432539464067015797e+04 1.674812740707748526e+04 -1.916853784858467770e+04 -2.469648905521245524e+03 -1.553450579979813301e+04
-1.366727826632964570e+04 -1.224244905037222270e+04 1.337126679112866441e+04 5.980885170623961130e+03 1.564590240851537237e+04 1.433445067557094262e+04 1.678179381285933778e+04 -1.928008478560860749e+04 -2.546073794123232801e+03 -1.544654626275801093e+04
-1.239022406857356509e+04 1.328425153056623458e+04 5.932265606980107805e+03 1.578361261373954403e+04 1.434309092752835750e+04 1.681544161423189144e+04 -1.939062378397928842e+04 -2.623284421418782586e+03 -1.535890011726348166e+04 0.000000000000000000e+00
1.791941507175323932e+04 -1.253739252182935161e+04 1.319772174318453654e+04 5.882838970141043319e+03 1.592060209425319954e+04 1.435130369602438986e+04 1.684905893786828165e+04 -1.950014586201601560e+04 -2.701280839904613003e+03 -1.527157694225480918e+04
1.786403097006176176e+04 -1.268394127934169046e+04 1.311168554740045693e+04 5.832599780665803337e+03 1.605685777079422951e+04 1.435907732034947185e+04 1.688263385807093073e+04 -1.960864217146203373e+04 -2.780062937978259470e+03 -1.518458620701445398e+04
1.780869755822113802e+04 -1.282985728681012552e+04 1.302615092330094012e+04 5.781542695440071839e+03 1.619236664905122598e+04 1.436640018179520848e+04 1.691615439888207402e+04 -1.971610399881476405e+04 -2.859630439699090402e+03 -1.509793726959602827e+04
1.775342602422340497e+04 -1.297512756845137301e+04 1.294112571139039028e+04 5.729662508852077735e+03 1.632711582170608563e+04 1.437326070583806722e+04 1.694960853620527269e+04 -1.982252276663225712e+04 -2.939982904580720515e+03 -1.501163937527211419e+04
1.769822748450116342e+04 -1.311973922900652906e+04 1.285661761136337918e+04 5.676954153944810059e+03 1.646109247046383462e+04 1.698298419993775315e+04 -1.992789003481578402e+04 -3.021119727414808494e+03 -1.492570165500119219e+04 0.000000000000000000e+00
1.764311298181401071e+04 -1.326367945573538236e+04 1.277263418090264349e+04 5.623412703544277065e+03 1.659428386806933122e+04 1.701626927611296924e+04 -2.003219750186819147e+04 -3.103040138126326383e+03 4.492338052087824508e+03 -1.484013312391395993e+04
1.758809348314920499e+04 -1.340693552039743918e+04 1.268918283450276613e+04 5.569033371363688275e+03 1.672667738031054250e+04 1.704945160905331431e+04 -2.013543700612793327e+04 -3.185743201660270643e+03 4.655135535580033320e+03 -1.475494267981933262e+04
1.753317987762906341e+04 -1.354949478121534958e+04 1.260627084231497429e+04 5.513811513077791460e+03 1.685826046800608674e+04 1.708251900353371457e+04 -2.023760052697484571e+04 -3.269227817901581147e+03 4.817698550403814806e+03 -1.467013910173086697e+04
1.747838297444989803e+04 -1.369134468483252022e+04 1.252390532902737687e+04 1.698902068898255675e+04 -2.033868018601851509e+04 -3.353492721623161742e+03 4.980012734337606162e+03 -1.458573104841252098e+04 0.000000000000000000e+00 0.000000000000000000e+00
1.742371350085376253e+04 -1.383247276826510279e+04 1.244209327278148703e+04 1.711894570004174238e+04 -1.743633041689008678e+04 -2.043866824826944503e+04 -3.438536482461899595e+03 5.142063754100139704e+03 -1.450172705694417709e+04 -1.685984665911337288e+04
1.736918210004969660e+04 -1.397286666080595387e+04 1.236084150407623929e+04 1.724802325889641725e+04 -1.746679813180249403e+04 -2.053755712325485729e+04 -3.524357504939946466e+03 5.303837307545103613e+03 -1.441813554131117417e+04 -1.686864973091806314e+04
1.731479932920908686e+04 -1.411251408594251734e+04 1.228015670473216596e+04 1.737624122610533595e+04 -1.749705125533447062e+04 -2.063533936613519472e+04 -3.610954028505645056e+03 5.465319125825708397e+03 -1.433496479101208934e+04 -1.687689019253012884e+04
1.726057565746182809e+04 -1.425140286325134730e+04 1.220004540687289773e+04 1.750358756698865182e+04 -1.752707803078088546e+04 -3.698324127609267634e+03 5.626494975562489344e+03 -1.425222296968861883e+04 -1.688455711323392097e+04 0.000000000000000000e+00
1.720652146391002316e+04 -1.438952091027707502e+04 1.212051399193363795e+04 1.763005035352754930e+04 -1.755686669073784651e+04 5.787350661006678820e+03 -2.499856122730293282e+04 -1.416991811377704653e+04 -1.689163961689610369e+04 0.000000000000000000e+00
1.715264703565958189e+04 -1.452685624439546700e+04 1.204156868969679999e+04 1.775561776624780032e+04 -1.758640545928379288e+04 -2.092197406082576344e+04 5.947872026198713684e+03 -2.493726273400695572e+04 -1.408805813118156038e+04 -1.689812688400497063e+04
1.709896256587003518e+04 -1.466339698466029222e+04 1.196321557735484203e+04 1.788027809608669850e+04 -1.761568255416119428e+04 -2.101525827694260443e+04 6.108044957121601328e+03 -2.487472508230941094e+04 -1.400665079996961686e+04 -1.690400815370065175e+04
1.704547815182320483e+04 -1.479913135363362198e+04 1.800401974624332070e+04 -1.764468618895855252e+04 6.267855383848720521e+03 -2.481095437285750813e+04 -1.135879783038551523e+03 -1.392570376708971889e+04 -1.690927272579591227e+04 0.000000000000000000e+00
1.699220379301095090e+04 1.812683123401156990e+04 -1.767340457529216292e+04 6.427289282685779654e+03 -2.474595685939837131e+04 -1.073292141170361219e+03 -1.384522454711173486e+04 -1.691390996278711100e+04 0.000000000000000000e+00 0.000000000000000000e+00
1.693914938924257513e+04 -1.506813439635928989e+04 1.824870119259583225e+04 -1.770182592498733356e+04 6.586332678306495836e+03 -2.467973894781160197e+04 -1.009823301834383187e+03 -1.376522052099008033e+04 -1.691790929185500136e+04 0.000000000000000000e+00
1.688632473877210214e+04 1.836961837290880067e+04 -1.772993845225880796e+04 6.744971645881742006e+03 -2.461230719511730422e+04 -9.454707405634534325e+02 -1.368569893484998829e+04 -1.692126020685513140e+04 0.000000000000000000e+00 0.000000000000000000e+00
1.683373953644603534e+04 1.848957164535123593e+04 -1.775773037588962325e+04 6.903192313201700017e+03 -2.454366830845958611e+04 -8.802320986563601082e+02 -1.360666689879709702e+04 -1.692395227029734815e+04 0.000000000000000000e+00 0.000000000000000000e+00
1.860855000157328323e+04 -1.778518992140848422e+04 -1.662215427186249883e+02 7.060980862790770516e+03 -2.447382914406571217e+04 -8.141051838358525856e+02 -1.352813138575055382e+04 -1.692597511531414784e+04 0.000000000000000000e+00 0.000000000000000000e+00
1.872654255621791890e+04 -1.781230532325933018e+04 -1.179741275040845068e+02 7.218323534009118703e+03 -2.440279670617780357e+04 -7.470879708815077720e+02 -1.345009923030392929e+04 -1.692731844761806860e+04 0.000000000000000000e+00 0.000000000000000000e+00
1.884353854864368986e+04 -1.783906482697965112e+04 -7.040188575636648238e+01 7.375206625157635244e+03 -2.433057814596710887e+04 -6.791786022261098879e+02 -1.337257712760218965e+04 -1.692797204744627015e+04 0.000000000000000000e+00 0.000000000000000000e+00
-1.511623914187439550e+04 1.895952734462663648e+04 -1.786545669138769881e+04 -2.349980204489366997e+01 7.531616495586594283e+03 -2.425718076043172550e+04 -6.103753885150929364e+02 -1.329557163223477801e+04 -1.692792577149210410e+04 0.000000000000000000e+00
1.907449843804875491e+04 -1.789146919072069795e+04 2.273726711903425368e+01 7.687539567748898662e+03 -2.418261199124299310e+04 -5.406768091673170602e+02 -1.321908915718512071e+04 -1.692716955482780395e+04 0.000000000000000000e+00 0.000000000000000000e+00
-1.483637323816856588e+04 -1.791709061680900777e+04 -4.766666942153159653e+03 6.831459233100363804e+01 7.842962329284589032e+03 -2.410687942359234876e+04 -4.700815128802211120e+02 -1.314313597277724512e+04 -1.692569341281124071e+04 0.000000000000000000e+00
-1.469544825225396926e+04 -1.794230928123502235e+04 -4.606652198119045352e+03 1.132375703247555094e+02 7.997871335084649218e+03 -2.402999078500805990e+04 -3.985883181129652826e+02 -1.306771820565500093e+04 -1.692348744298046586e+04 0.000000000000000000e+00
-1.455387904931154480e+04 -1.796711351748789457e+04 -4.446676412843940852e+03 1.575117229818127100e+02 8.152253209345115465e+03 -2.395195394414904513e+04 -3.261962135401089995e+02 -1.299284183778639272e+04 -1.692054182693474650e+04 0.000000000000000000e+00
-1.441167857812696639e+04 -1.799149168311344329e+04 -4.286753380107082194e+03 2.011426963195535222e+02 8.306094647611096661e+03 -2.387277690957571031e+04 -2.529043584757328631e+02 -1.291851270549322908e+04 -1.691684683220193983e+04 0.000000000000000000e+00
-1.426885986073550703e+04 -1.801543216185894562e+04 -4.126896869779488952e+03 2.441362594578174878e+02 -2.379246782849812735e+04 -1.787120832679345597e+02 -1.284473649850624315e+04 -1.691239281409162140e+04 0.000000000000000000e+00 0.000000000000000000e+00
-1.412543599043199356e+04 -1.803892336581248310e+04 -3.967120625683794970e+03 2.864983035641409401e+02 -2.371103498550177392e+04 -1.036188896636294459e+02 -1.277151875904594090e+04 -1.690717021753400331e+04 0.000000000000000000e+00 0.000000000000000000e+00
-1.398142012976905244e+04 -1.806195373753641616e+04 -3.807438363458453750e+03 3.282348407777136572e+02 -2.362848680125097235e+04 -2.762445114358735765e+01 -1.690116957890399135e+04 0.000000000000000000e+00 0.000000000000000000e+00 0.000000000000000000e+00
-1.383682550854380315e+04 -1.808451175219469951e+04 -3.647863768426653223e+03 3.693520031121614124e+02 1.514509569702317276e+04 -2.354483183117022782e+04 4.927138677234980690e+01 -1.689438152783033365e+04 0.000000000000000000e+00 0.000000000000000000e+00
-1.369166542177349584e+04 -1.810658591967358007e+04 1.327138768865330167e+04 -3.488410493470367783e+03 4.098560413372496782e+02 -2.346007876410384051e+04 1.270686062499273419e+02 -1.688679678898939528e+04 0.000000000000000000e+00 0.000000000000000000e+00
-1.354595322766027130e+04 -1.812816478669538265e+04 1.338143404777935029e+04 -3.329092156909890036e+03 4.497533238396249544e+02 2.057670168950642164e+02 -1.687840618388329312e+04 0.000000000000000000e+00 0.000000000000000000e+00 0.000000000000000000e+00
-1.339970234554546550e+04 -1.814923693892496158e+04 1.349175560753131685e+04 -3.169922340389219698e+03 4.890503354626931696e+02 2.853662555384061648e+02 -1.686920063260216557e+04 0.000000000000000000e+00 0.000000000000000000e+00 0.000000000000000000e+00
-1.525683527564231190e+04 -1.816979100307185581e+04 1.360234211903795040e+04 -3.010914586771943959e+03 5.277536763238124422e+02 1.510453785484555010e+04 -1.685917115556828503e+04 0.000000000000000000e+00 0.000000000000000000e+00 0.000000000000000000e+00
-1.535582295216491548e+04 -1.310563848802419125e+04 -1.818981564897783028e+04 1.371318323911820698e+04 -2.852082398035267943e+03 5.658700606147448298e+02 1.509406936005884745e+04 -1.953869733439178526e+04 -1.684830887526741935e+04 0.000000000000000000e+00
-1.545505234019076670e+04 -1.295785263844604378e+04 -1.820929959168930145e+04 1.382426853199783909e+04 -2.693439233162211622e+03 6.034063153856791359e+02 1.508349128465475769e+04 -1.961247159802312308e+04 -1.683660501796726749e+04 0.000000000000000000e+00
-1.555451238574733361e+04 -1.280958234836181873e+04 -1.822823159354758536e+04 1.393558747100835535e+04 -2.534998506075617570e+03 6.403693792929891515e+02 1.507281459591082785e+04 -1.968604562148445984e+04 -1.682405091540357898e+04 0.000000000000000000e+00
-1.565419194130605138e+04 -1.266084131178004100e+04 -1.824660046624722600e+04 1.404712944033122767e+04 -2.376773583550189869e+03 6.767663013404296635e+02 1.506205022953723710e+04 -1.975940657665955951e+04 -1.681063800646203163e+04 0.000000000000000000e+00
-1.575407976758711811e+04 -1.251164327137286455e+04 -1.826439507289132234e+04 1.415888373674947979e+04 -2.218777783140977590e+03 7.126042395963663694e+02 1.505120908755095479e+04 -1.983254161381076483e+04 -1.679635783883870681e+04 0.000000000000000000e+00
-1.585416453538044516e+04 -1.236200201636637030e+04 1.427083957141460996e+04 -2.061024371120331125e+03 7.478904598910169170e+02 1.504030203615711252e+04 -1.990543786379055018e+04 -1.678120207068265518e+04 0.000000000000000000e+00 0.000000000000000000e+00
-1.595443482738241437e+04 -1.221193138042314422e+04 1.438298607162845656e+04 -1.903526560423698129e+03 7.826323344938431319e+02 1.502933990363787416e+04 -1.997808244025638123e+04 -1.676516247222022139e+04 0.000000000000000000e+00 0.000000000000000000e+00
-1.605487914004795493e+04 -1.206144523951735573e+04 1.845538367676445705e+04 1.449531228263966477e+04 -1.746297508604641052e+03 8.168373407712293783e+02 1.501833347824919838e+04 -2.005046244188838318e+04 -1.674823092736081526e+04 0.000000000000000000e+00
-1.615548588545795428e+04 -1.191055750980278026e+04 1.852440903048144901e+04 1.460780716945440508e+04 -1.589350315799414147e+03 8.505130598246067848e+02 1.500729350612601229e+04 -2.012256495460971200e+04 -1.673039943528400545e+04 0.000000000000000000e+00
-1.625624339320134459e+04 -1.175928214547409698e+04 1.859342060494708494e+04 1.472045961866102152e+04 -1.432698022701493301e+03 8.836671751091563465e+02 1.499623068919605612e+04 -2.019437705380883199e+04 -1.671166011200744833e+04 0.000000000000000000e+00
-1.635713991227180122e+04 -1.160763313662176370e+04 1.866240638126953854e+04 1.483325844026818413e+04 -1.276353608546389751e+03 9.163074710332591621e+02 1.498515568310288472e+04 -2.026588580656379054e+04 -1.669200519193563014e+04 0.000000000000000000e+00
-1.645816361297855838e+04 -1.145562450708088909e+04 1.873135428469758699e+04 1.494619236955631459e+04 -1.120329989107134679e+03 9.484418315388409155e+02 1.497407909513839877e+04 -2.033707827386774079e+04 0.000000000000000000e+00 0.000000000000000000e+00
-1.655930258887115997e+04 -1.130327031227438783e+04 1.880025218673510972e+04 1.505925006894182116e+04 -9.646400147007701662e+02 9.800782386627754477e+02 1.496301148218525123e+04 -2.040794151285554108e+04 8.252418941555404672e+03 0.000000000000000000e+00
-1.666054485867768381e+04 -1.115058463705080794e+04 1.886908790726573352e+04 1.517242012985374822e+04 -8.092964682062153088e+02 1.011224771079512607e+03 1.495196334866957659e+04 -2.047846257903096193e+04 8.096348559247949197e+03 0.000000000000000000e+00
-1.676187836825351769e+04 -1.099758159351682116e+04 1.893784921667726303e+04 1.528569107462503962e+04 -6.543120630887590323e+02 1.041889602626609303e+03 1.494094514452141811e+04 -2.054862852849698538e+04 7.940023314274330914e+03 0.000000000000000000e+00
-1.686329099254839093e+04 -1.084427531886582074e+04 1.900652383801546966e+04 1.539905135839076866e+04 -4.996994414468264836e+02 1.492996726315221713e+04 -2.061842642018036713e+04 7.783457198732102370e+03 0.000000000000000000e+00 0.000000000000000000e+00
-1.696477053759173214e+04 -1.069067997320304676e+04 1.907509944916815220e+04 1.551248937099305112e+04 -3.454711720818638128e+02 1.491904003945026125e+04 -2.068784331805015609e+04 7.626664221686673955e+03 2.664158565130023362e+03 0.000000000000000000e+00
-1.706630474246798622e+04 -1.053680973736372471e+04 1.914356368497541916e+04 1.562599343891580975e+04 -1.916397485393569866e+02 1.490817374776301949e+04 -2.075686629335753605e+04 7.469658407130430533e+03 2.611678714757114903e+03 0.000000000000000000e+00
-1.716788128132298880e+04 -1.038267881073032186e+04 1.921190413941918450e+04 1.573955182721397614e+04 -3.821758719887955635e+01 1.489737859991317964e+04 -2.082548242685533842e+04 7.312453791967739562e+03 2.559878357973906077e+03 0.000000000000000000e+00
-1.726948776537652884e+04 -1.022830140904583459e+04 1.928010836780056343e+04 1.585315274145758303e+04 1.147829746324712659e+02 1.488666474322128124e+04 7.155064423991742842e+03 2.508753085312681833e+03 0.000000000000000000e+00 0.000000000000000000e+00
-1.361103100644213009e+04 -1.737111174494603983e+04 -1.007369176222426358e+04 1.934816388892473333e+04 1.596678432968576271e+04 2.673496806128266599e+02 1.487604225854126526e+04 6.997504359860866316e+03 2.458298348294023072e+03 0.000000000000000000e+00
-1.360046054032519896e+04 -1.747274071148132498e+04 -9.918864112158622447e+03 1.941605818729279417e+04 1.608043468437037882e+04 4.194703572441537176e+02 1.486552115830946241e+04 6.839787663075216187e+03 2.408509460456615216e+03 0.000000000000000000e+00
-1.358981741241574855e+04 -1.757436209960960696e+04 -9.763832710526799929e+03 1.948377871530035918e+04 1.619409184438880402e+04 5.711329157363772993e+02 1.485511138460715847e+04 6.681928401953150569e+03 2.359381598411890536e+03 0.000000000000000000e+00
-1.357911332911888530e+04 -1.767596328919091320e+04 -9.608611816595717755e+03 1.955131289544232641e+04 1.630774379700558893e+04 7.223253538566876841e+02 1.484482280723734948e+04 6.523940647608355903e+03 2.310909802923345524e+03 0.000000000000000000e+00
-1.356835996348217486e+04 -1.777753160738326551e+04 1.961864812252359479e+04 1.642137847986262204e+04 1.483466522181590153e+04 6.365838471927642786e+03 2.263088980010333216e+03 0.000000000000000000e+00 0.000000000000000000e+00 0.000000000000000000e+00
-1.355756895291991532e+04 -5.564948940304032476e+03 -1.121596930215800057e+04 1.968577176587520080e+04 1.653498378297729141e+04 1.482464834787746440e+04 6.207635945549788630e+03 2.215913902076145860e+03 0.000000000000000000e+00 0.000000000000000000e+00
-1.354675189694457913e+04 -5.589171217018102652e+03 -1.125337497487754263e+04 1.975267117157562461e+04 1.664854755074849891e+04 6.049347135845636330e+03 2.169379209060197354e+03 0.000000000000000000e+00 0.000000000000000000e+00 0.000000000000000000e+00
-1.353592035490571834e+04 -5.612960685938433016e+03 -1.129130431292317007e+04 1.981933366467667292e+04 1.676205758396993406e+04 1.346161378615445392e+04 1.838023552329356971e+04 5.890986104899793645e+03 2.123479409614096767e+03 0.000000000000000000e+00
-1.352508584373697704e+04 -5.636327343561194539e+03 -1.132976015702644690e+04 1.988574655143374184e+04 1.687550164185035464e+04 1.341939133818681148e+04 1.838475979458442453e+04 5.732566907494150655e+03 2.078208882301415542e+03 0.000000000000000000e+00
-1.351425983573322446e+04 -5.659281253214942808e+03 -1.136874520731565462e+04 1.995189712154745575e+04 1.698886744404051569e+04 1.337614713806446161e+04 1.838844980649268837e+04 5.574103589097569056e+03 2.033561876828431650e+03 0.000000000000000000e+00
-1.350345375629303817e+04 -5.681832543011079906e+03 -1.140826202254772397e+04 2.001777265039379563e+04 1.710214267266624665e+04 1.333187646483124627e+04 1.839129519110619367e+04 5.415610183849852547e+03 1.989532515283170142e+03 0.000000000000000000e+00
-1.349267898162481652e+04 -5.703991403777579762e+03 -1.144831301936596356e+04 2.008336040124166902e+04 1.721531497436758946e+04 1.328657474996554083e+04 1.839328567844311328e+04 5.257100712539991036e+03 1.946114793381815844e+03 0.000000000000000000e+00
-1.348194683664041804e+04 -5.725768086993552970e+03 -1.148890047158748348e+04 2.014864762753433388e+04 1.732837196234309158e+04 1.324023757829427450e+04 1.839441109846919426e+04 5.098589180620164370e+03 1.903302581799073323e+03 0.000000000000000000e+00
-1.347126859270563727e+04 -5.747172902699541737e+03 -1.153002650951496435e+04 2.021362157512040721e+04 1.744130121839950516e+04 1.319286068887367765e+04 1.839466138309332382e+04 4.940089576194642177e+03 1.861089627468451226e+03 0.000000000000000000e+00
-1.346065546544425706e+04 -5.768216217399062771e+03 2.027826948450159398e+04 1.755409029500606994e+04 1.314443997584611679e+04 1.839402656814971124e+04 4.781615868020064227e+03 1.819469554919695838e+03 0.000000000000000000e+00 0.000000000000000000e+00
-1.345011861255303666e+04 -5.788908451948474976e+03 2.034257859308187835e+04 1.766672671735319818e+04 1.309497148927092712e+04 1.839249679536466647e+04 4.623182003509476999e+03 1.778435867638373111e+03 0.000000000000000000e+00 0.000000000000000000e+00
-1.343966913162817036e+04 8.517701999767372399e+03 -5.809260079435558509e+03 2.040653613741794834e+04 1.777919798541520504e+04 1.304445143592914792e+04 1.839006231430733533e+04 4.464801906740382947e+03 1.737981949447360876e+03 0.000000000000000000e+00
8.479890406580760100e+03 -5.829281623047190806e+03 2.047012935547016605e+04 1.299287618010195183e+04 1.838671348432419472e+04 4.306489476467034365e+03 1.698101065910001125e+03 0.000000000000000000e+00 0.000000000000000000e+00 0.000000000000000000e+00
8.442734217669345526e+03 -5.848983653926588886e+03 2.053334548885404729e+04 1.294024224432286610e+04 1.838244077645685684e+04 4.148258584137301114e+03 1.658786365754667031e+03 0.000000000000000000e+00 0.000000000000000000e+00 0.000000000000000000e+00
1.448737210052445880e+04 8.406229424779621695e+03 -5.868376789020408978e+03 -5.556779703557251651e+02 2.059617178509153018e+04 1.288654631010352023e+04 1.837723477534289123e+04 3.990123071914320462e+03 1.620030882320496858e+03 0.000000000000000000e+00
1.446091392079623620e+04 8.370371866704479544e+03 -5.887471688916239145e+03 -6.729676401938676236e+02 2.065859549986181082e+04 1.283178521863301648e+04 1.837108618109914460e+04 3.832096750703219186e+03 1.581827535024037616e+03 0.000000000000000000e+00
1.443503132709723832e+04 8.335157230207296379e+03 -5.906279055670782327e+03 -7.910230941179885349e+02 2.072060389925137497e+04 1.277595597145066859e+04 1.836398581118747825e+04 3.674193398183194859e+03 1.544169130846533790e+03 0.000000000000000000e+00
1.440972539206459078e+04 8.300581050973221863e+03 -5.924809630629220919e+03 -9.098374901435265656e+02 2.078218426200263275e+04 1.271905573109221223e+04 1.835592460226219191e+04 1.507048365841603527e+03 0.000000000000000000e+00 0.000000000000000000e+00
1.438499702306457402e+04 8.266638714587394134e+03 -5.943074192236130330e+03 -1.029403838985527500e+03 2.084332388176097811e+04 1.266108182170932196e+04 1.834689361199912310e+04 1.470457826663033984e+03 0.000000000000000000e+00 0.000000000000000000e+00
1.436084696214212272e+04 8.233325457542412551e+03 -5.961083553835765088e+03 -1.149715005003160286e+03 2.090401006931621669e+04 1.260203172966255443e+04 1.833688402090414093e+04 1.434389992105725241e+03 0.000000000000000000e+00 0.000000000000000000e+00
1.433727578602547692e+04 8.200636368267629223e+03 -5.978848561470003006e+03 -1.270763707175342233e+03 2.096423015484862481e+04 1.254190310408718506e+04 1.832588713410590208e+04 -1.157725055357952988e+04 1.398837234679595213e+03 0.000000000000000000e+00
1.431428390618704543e+04 8.168566388179986461e+03 -5.996380091674581308e+03 -1.392542520107588643e+03 2.102397149017965785e+04 1.248069375743178171e+04 1.831389438313285791e+04 -1.170521509093018358e+04 1.363791822216808669e+03 0.000000000000000000e+00
1.429187156884844990e+04 8.137110312780404456e+03 -6.013689049247213916e+03 -1.515043875039787736e+03 2.108322145099026966e+04 1.241840166597141433e+04 1.830089732765599547e+04 -1.183341054881571290e+04 1.329245919443352250e+03 0.000000000000000000e+00
1.427003885509562133e+04 8.106262792759604054e+03 -6.030786365027822285e+03 -1.638260060899381187e+03 1.235502497029267033e+04 1.828688765722378594e+04 -1.196182506149223082e+04 1.295191589616468264e+03 0.000000000000000000e+00 0.000000000000000000e+00
1.424878568100554185e+04 8.076018335134437621e+03 -6.047682993667715891e+03 -1.762183225373302548e+03 2.387696187580239712e+04 1.229056197575199076e+04 1.827185719297302421e+04 -1.209044668366041697e+04 1.261620796167295566e+03 0.000000000000000000e+00
1.422811179780606835e+04 8.046371304409888580e+03 -6.064389911393287548e+03 -1.886805376004290110e+03 2.391322728101605753e+04 1.222501115290709640e+04 1.825579788931889925e+04 -1.221926339243153234e+04 0.000000000000000000e+00 0.000000000000000000e+00
1.420801679206890003e+04 8.017315923766550441e+03 -6.080918113764709233e+03 -2.012118381311394387e+03 2.394812827592918620e+04 1.823870183562373859e+04 -1.234826308930669984e+04 5.720537383454028713e+03 0.000000000000000000e+00 0.000000000000000000e+00
1.418850008593535131e+04 7.988846276273305193e+03 -6.097278613430013138e+03 -2.138113971934480105e+03 2.398166514170024675e+04 1.822056125784424512e+04 -1.247743360216919609e+04 5.843504940915451698e+03 0.000000000000000000e+00 0.000000000000000000e+00
1.416956093737515766e+04 7.960956306125070114e+03 -6.113482437875026335e+03 -2.264783741802554687e+03 2.401383834298625879e+04 1.820136852015688055e+04 -1.260676268728925061e+04 1.629972279661066204e+04 5.967093655329894318e+03 0.000000000000000000e+00
1.415119844047801598e+04 7.933639819905308286e+03 -6.129540627169598338e+03 -2.392119149325701073e+03 2.404464852780434012e+04 1.818111612656098805e+04 -1.273623803134104855e+04 1.639715139111860844e+04 6.091294061276680623e+03 0.000000000000000000e+00
1.413341152577780122e+04 7.906890487873153688e+03 -6.145464231710507192e+03 -2.520111518610430721e+03 2.407409652736203861e+04 1.815979672245945403e+04 -1.286584725343144601e+04 1.649341888592636678e+04 6.216096556775711178e+03 0.000000000000000000e+00
1.411619896060941755e+04 7.880701845274853440e+03 -6.161264309961605250e+03 -2.648752040698252131e+03 2.410218335585639943e+04 -1.299557790714016846e+04 1.658852025436834447e+04 6.341491404712835902e+03 0.000000000000000000e+00 0.000000000000000000e+00
1.409955934949807852e+04 7.855067293679343493e+03 -6.176951926191469283e+03 -2.778031774827246863e+03 2.412891021024174916e+04 -1.312541748257085783e+04 1.668245063803300218e+04 -1.663060810917445633e+04 6.467468734288903761e+03 0.000000000000000000e+00
1.408349113458094325e+04 7.829980102337679455e+03 -6.192538148209192514e+03 -2.907941649716425673e+03 -1.325535340841277502e+04 1.677520534744955876e+04 -1.649922287589010375e+04 6.594018542492370216e+03 0.000000000000000000e+00 0.000000000000000000e+00
1.406799259607320710e+04 7.805433409564629073e+03 -6.208034045101855554e+03 -3.038472464873345871e+03 -1.338537305401162666e+04 1.686677986274415889e+04 -1.636748404007277168e+04 6.721130695600612853e+03 -9.316936608489862920e+03 0.000000000000000000e+00
1.405306185274184645e+04 7.781420224146603687e+03 -6.223450684964467655e+03 -3.169614891922758034e+03 -1.351546373145225516e+04 1.695716983427251398e+04 -1.623540523862567898e+04 6.848794930693316928e+03 -9.285547952318418538e+03 0.000000000000000000e+00
1.403869686238585018e+04 7.757933426775909538e+03 -6.238799132622457364e+03 -3.301359475956015103e+03 -1.364561269765309589e+04 1.704637108322925633e+04 -1.610300012062444875e+04 6.977000857177202306e+03 -9.254725209663958594e+03 0.000000000000000000e+00
1.402489542244762015e+04 7.734965771495600166e+03 -3.433696636907766333e+03 -1.377580715646062708e+04 1.713437960220863170e+04 -1.597028234518616046e+04 7.105737958377796531e+03 -9.224463126766731875e+03 0.000000000000000000e+00 0.000000000000000000e+00
1.401165517057036959e+04 7.712509887177530800e+03 -3.566616670949714262e+03 -2.278120068110354623e+04 -1.390603426076018877e+04 1.722119155575382320e+04 -1.583726557929458613e+04 7.234995593115020711e+03 -9.194756308500009254e+03 0.000000000000000000e+00
1.399897358521093884e+04 7.690558279019778638e+03 -3.700109751907102691e+03 -2.268494834815684953e+04 -1.403628111459267348e+04 1.730680328087244925e+04 -1.570396349563630429e+04 7.364762997311512663e+03 -9.165599219478792293e+03 0.000000000000000000e+00
1.398684798628397766e+04 -3.834165932696435448e+03 -2.258781251376769433e+04 -1.416653477527911491e+04 1.739121128752312870e+04 -1.557038977043618797e+04 7.495029285622651514e+03 -9.136986185195277358e+03 0.000000000000000000e+00 0.000000000000000000e+00
1.397527553583724148e+04 -3.968775146784161279e+03 -2.248980492659944503e+04 -1.429678225555260360e+04 1.747441225907300395e+04 -1.543655808129266188e+04 7.625783453088012720e+03 -9.108911393180893356e+03 0.000000000000000000e+00 0.000000000000000000e+00
1.396425323875779213e+04 -4.103927209666079762e+03 -2.239093742630314955e+04 -1.442701052569711464e+04 1.755640305272593469e+04 -1.530248210501300673e+04 7.757014376803925188e+03 -9.081368894194658424e+03 0.000000000000000000e+00 0.000000000000000000e+00
1.395377794350899785e+04 -4.239611820367248583e+03 -2.229122194165586188e+04 -1.455720651569298570e+04 1.763718069992148958e+04 -1.516817551544914568e+04 7.888710817616943132e+03 -9.054352603437737343e+03 0.000000000000000000e+00 0.000000000000000000e+00
1.394384634289801033e+04 -4.375818562962111173e+03 -2.219067048868556230e+04 -1.468735711736845042e+04 1.771674240670445215e+04 -1.503365198133424565e+04 8.020861421837853413e+03 -9.027856301793959574e+03 0.000000000000000000e+00 0.000000000000000000e+00
-4.512536908114603648e+03 -2.208929516878248978e+04 -1.481744918655701804e+04 1.779508555406489540e+04 -1.489892516412047917e+04 8.153454722975998266e+03 -9.001873637096083257e+03 0.000000000000000000e+00 0.000000000000000000e+00 0.000000000000000000e+00
-4.649756214637985067e+03 -2.198710816679781055e+04 2.295845902851959181e+03 -1.494746954526008813e+04 -1.476400871581838874e+04 8.286479143493568699e+03 -8.976398125417616029e+03 0.000000000000000000e+00 0.000000000000000000e+00 0.000000000000000000e+00
-4.787465731074135874e+03 -1.759409868722268584e+04 -2.188412174912917908e+04 2.314937069139523373e+03 -1.507740498381461839e+04 -1.462891627683803927e+04 8.419922996579607570e+03 -8.951423152389948882e+03 0.000000000000000000e+00 0.000000000000000000e+00
-4.925654597292021208e+03 -1.755022646681851256e+04 -2.178034826179409356e+04 2.334135192378781994e+03 -1.520724226306518540e+04 -1.449366147383256794e+04 -2.360976503902211698e+04 8.553774487943404893e+03 -8.926941974544573895e+03 0.000000000000000000e+00
-1.750523550780525329e+04 -2.167580012848399929e+04 2.353450880380967192e+03 -1.533696811654091289e+04 -1.435825791753857811e+04 -2.363625777832369931e+04 8.688021717621537391e+03 -8.902947720680302155e+03 0.000000000000000000e+00 0.000000000000000000e+00
-1.745912264523335034e+04 -2.157048984862048746e+04 2.372894719979978163e+03 -1.546656925263481571e+04 -1.422271920063093421e+04 -2.366169256343927918e+04 8.822652681814603056e+03 -8.879433393254881594e+03 0.000000000000000000e+00 0.000000000000000000e+00
-1.741188487010933750e+04 -2.146442999541473182e+04 2.392477274896175459e+03 -1.559603235678529927e+04 -1.408705889559293246e+04 -2.368606060405734388e+04 8.957655274753980848e+03 -8.856391869800956556e+03 -1.309919702943475932e+04 0.000000000000000000e+00
-1.736351933007746993e+04 -2.135763321385823292e+04 2.412209083578297395e+03 -1.572534409366532964e+04 -1.395129055254349078e+04 -2.370935323578173120e+04 9.093017290541971306e+03 -8.833815904366687391e+03 -1.300784291659289011e+04 0.000000000000000000e+00
-1.731402333003048989e+04 -2.125011221875208867e+04 2.432100657063622293e+03 -1.585449110937002843e+04 -1.381542769710870198e+04 -2.373156192164808454e+04 9.228726425048424062e+03 -8.811698128979811372e+03 -1.291538580865921176e+04 0.000000000000000000e+00
-2.293067797489652730e+04 -1.726339433270729205e+04 -2.114187979271164659e+04 2.452162476833216715e+03 -1.598346003360747090e+04 -1.367948382828646390e+04 -2.375267825362790973e+04 9.364770277814013753e+03 -8.790031055135470524e+03 -1.282182852806307164e+04
-2.300952752172687906e+04 -1.721162995926473377e+04 -2.103294878416076244e+04 2.472404992667826264e+03 -1.611223748189121397e+04 -1.354347241631592624e+04 -2.377269395411169535e+04 9.501136353970787241e+03 -8.768807075307415289e+03 -1.272717406433470751e+04
-2.308760455828197519e+04 -1.715872798982356835e+04 -2.092333210531604345e+04 2.492838620504808205e+03 -1.624081005773416655e+04 -1.340740690055215964e+04 -2.379160087737097638e+04 9.637812066179592875e+03 -8.748018464482376658e+03 -1.263142557384553038e+04
-2.316489704002107828e+04 -1.710468636398835952e+04 -2.081304273016121078e+04 2.513473740296504275e+03 -1.636916435484325484e+04 -1.327130068734623092e+04 -2.380939101099883192e+04 -8.727657381717197495e+03 -1.253458637952039317e+04 0.000000000000000000e+00
-2.324139299615555865e+04 -1.704950318134141708e+04 -2.070209369241206878e+04 2.534320693870461582e+03 -1.649728695931471157e+04 -1.313516714793123901e+04 -2.382605647732899888e+04 -8.707715871718648486e+03 -1.243665997052215062e+04 0.000000000000000000e+00
-2.331708053165259480e+04 -1.699317670191063007e+04 -2.059049808347228100e+04 2.555389782791910875e+03 -1.662516445182937605e+04 -1.299901961631453923e+04 -2.384158953483302685e+04 -8.688185866445424836e+03 -1.233765000190830506e+04 0.000000000000000000e+00
-2.339194782922712693e+04 -1.693570534661116835e+04 -2.047826905038024051e+04 2.576691266228887343e+03 -1.286287138717660491e+04 -2.385598257949539766e+04 -8.669059186732240050e+03 -1.223756029426004716e+04 0.000000000000000000e+00 0.000000000000000000e+00
-2.346598315132173229e+04 -1.687708769766101977e+04 -2.036541979374751463e+04 2.598235358820449619e+03 -1.272673571377676490e+04 -2.386922814616648975e+04 -8.650327543935612994e+03 -1.213639483328346614e+04 0.000000000000000000e+00 0.000000000000000000e+00
-2.353917484207422604e+04 -1.681732249897029760e+04 -2.025196356568890042e+04 2.620032228548347121e+03 -1.259062580586632430e+04 -2.388131890989293242e+04 -8.631982541601049888e+03 -1.203415776938324962e+04 0.000000000000000000e+00 0.000000000000000000e+00
-2.361151132927247090e+04 -1.675640865650426349e+04 -2.013791366774465496e+04 2.642091994612600502e+03 -1.245455482760926861e+04 -2.389224768722536828e+04 -8.614015677151375712e+03 -1.193085341720874931e+04 0.000000000000000000e+00 0.000000000000000000e+00
-2.368298112630055402e+04 -1.669434523861435810e+04 -2.002328344880210716e+04 2.664424725313406725e+03 -1.231853589551680125e+04 -2.390200743750236506e+04 -8.596418343596345949e+03 -1.182648625517043183e+04 0.000000000000000000e+00 0.000000000000000000e+00
-2.375357283406299393e+04 -1.663113147635440691e+04 -1.990808630299592187e+04 9.253066271089923248e+03 2.687040435933728077e+03 -2.391059126411316902e+04 -8.579181831261856132e+03 -1.172106092493324286e+04 0.000000000000000000e+00 0.000000000000000000e+00
-2.382327514288661041e+04 -1.656676676378264892e+04 -1.979233566758695815e+04 2.709949086622800223e+03 -2.391799241573952168e+04 -8.562297329538489066e+03 -1.161458223088720479e+04 0.000000000000000000e+00 0.000000000000000000e+00 0.000000000000000000e+00
-2.389207683444284339e+04 7.690436298918788225e+02 -1.650125065819011070e+04 -1.967604502089121888e+04 2.733160580301667324e+03 -2.392420428756536785e+04 -8.545755928653436058e+03 -1.150705513957297990e+04 0.000000000000000000e+00 0.000000000000000000e+00
-2.395996678362615421e+04 9.039872904554841853e+02 -1.643458288034338693e+04 2.756684760560513041e+03 -2.392922042247045465e+04 -8.529548621458996422e+03 -1.139848477909561370e+04 0.000000000000000000e+00 0.000000000000000000e+00 0.000000000000000000e+00
-2.402693396042611130e+04 1.038220980576424381e+03 -1.504748330135242577e+04 -1.636676331468956050e+04 9.636409969212716533e+03 -2.393303451219779163e+04 -8.513666305241109512e+03 -1.128887643850688255e+04 0.000000000000000000e+00 0.000000000000000000e+00
-2.409296743178461838e+04 1.171735341023160117e+03 -1.511997145823002211e+04 -1.629779200953473082e+04 9.729725725860884268e+03 -2.393564039849727851e+04 -8.498099783546813342e+03 -1.117823556716069652e+04 0.000000000000000000e+00 0.000000000000000000e+00
-2.415805636343795413e+04 1.304521145906470110e+03 -1.519283367613599512e+04 -1.622766917719614321e+04 9.822029063787824271e+03 -2.393703207424506036e+04 -8.482839768030311461e+03 -1.106656777404161767e+04 0.000000000000000000e+00 0.000000000000000000e+00
-2.422219002174333946e+04 1.436569304035280766e+03 -1.526606278830155316e+04 -1.615639519412786103e+04 9.913318093092975687e+03 -2.393720368453850824e+04 -1.095387882706659366e+04 0.000000000000000000e+00 0.000000000000000000e+00 0.000000000000000000e+00
-1.336621069708777759e+04 -2.428535777548965052e+04 1.567870860249581483e+03 -1.533965150184564482e+04 -1.608397060102008618e+04 1.000359108734094480e+04 -2.393614952776670907e+04 -1.084017465236005955e+04 0.000000000000000000e+00 0.000000000000000000e+00
-1.337959917961438441e+04 -2.434754909769217193e+04 1.698416996730184337e+03 -1.541359239898429041e+04 -1.601039610287206051e+04 1.009284648358283630e+04 -2.393386405665622078e+04 -1.072546133350250966e+04 0.000000000000000000e+00 0.000000000000000000e+00
-1.339357352570445983e+04 -2.440875356737076800e+04 1.828199034285090647e+03 -1.548787793826562483e+04 -1.593567256903851739e+04 1.018108288234880638e+04 -2.393034187929196924e+04 -1.060974511075259397e+04 0.000000000000000000e+00 0.000000000000000000e+00
-1.340813711419597894e+04 -2.446896087131162858e+04 1.957208433612232511e+03 -1.556250045583033716e+04 -1.585980103324987249e+04 1.026829904761189937e+04 -2.392557776011318128e+04 -1.049303238024299390e+04 0.000000000000000000e+00 0.000000000000000000e+00
-1.342329316359650511e+04 -2.452816080581177084e+04 2.085436796538371709e+03 -1.563745216669715956e+04 -1.578278269360596096e+04 1.035449390672313893e+04 -2.391956662088405938e+04 -1.037532969315005721e+04 0.000000000000000000e+00 0.000000000000000000e+00
-1.343904473143626456e+04 -2.458634327840651167e+04 2.212875867233906774e+03 -1.571272516607325815e+04 -1.570461891254347756e+04 1.043966655031788105e+04 -2.391230354163916854e+04 -1.025664375483742879e+04 0.000000000000000000e+00 0.000000000000000000e+00
-1.345539471364313613e+04 -2.464349830957824088e+04 2.339517533405591621e+03 -1.578831143068078563e+04 -1.562531121678243835e+04 1.052381623218988716e+04 -2.390378376160098196e+04 -1.013698142397402080e+04 0.000000000000000000e+00 0.000000000000000000e+00
-1.347234584396524406e+04 -2.469961603444942375e+04 2.465353827460347020e+03 -1.586420282012469943e+04 -1.554486129723569320e+04 6.970604880579786368e+03 1.060694236914399880e+04 -2.301224850728260935e+04 -1.001634971162575130e+04 0.000000000000000000e+00
-1.348990069344203766e+04 -2.475468670446005490e+04 2.590376927639790665e+03 -1.594039107830267676e+04 -1.546327100888112363e+04 6.846841015215421066e+03 1.068904454082804659e+04 -2.295985246194751380e+04 -9.894755780321193015e+03 0.000000000000000000e+00
-1.350806166983663388e+04 -2.480870068901751802e+04 2.714579159147658629e+03 -1.601686783476909659e+04 -1.538054237065095367e+04 6.722176113957321832e+03 1.077012248950598405e+04 -2.290674284128978252e+04 -9.772206943093600785e+03 0.000000000000000000e+00
-1.352683101715893645e+04 -2.486164847713577910e+04 2.837952995236723382e+03 -1.609362460618264959e+04 -1.529667756525757432e+04 6.596618050426158334e+03 1.085017611982851486e+04 -2.285293079974173088e+04 -9.648710662496087025e+03 0.000000000000000000e+00
-1.354621081520276311e+04 2.960491058274673378e+03 -1.617065279776028547e+04 -1.521167893900366653e+04 6.470174842023982819e+03 1.092920549856793332e+04 -2.279842754800248804e+04 -9.524274549591982577e+03 0.000000000000000000e+00 0.000000000000000000e+00
-1.356620297911399030e+04 3.082186120784475406e+03 -1.624794370475415417e+04 -1.512554900156629628e+04 6.342854648826865741e+03 1.100721085432457949e+04 -2.274324435107524187e+04 1.527347980739878221e+04 -9.398906362920342872e+03 0.000000000000000000e+00
-1.358680925898972964e+04 3.203031106459005514e+03 -1.632548851395118254e+04 6.214665772455446131e+03 1.108419257720495989e+04 -2.268739252629768816e+04 1.529980795154934458e+04 -9.272614007436524844e+03 0.000000000000000000e+00 0.000000000000000000e+00
-1.360803123950851477e+04 3.323019091149758424e+03 -1.640327830519495183e+04 6.085616654923548595e+03 1.116015121847149567e+04 -2.263088344136580417e+04 1.532666780918695258e+04 -6.436134980193817682e+03 -9.145405533428152921e+03 0.000000000000000000e+00
-1.362987033959169639e+04 3.442143303829486285e+03 -1.648130405292967407e+04 5.955715877465108861e+03 1.123508749016420734e+04 -2.257372851235164853e+04 1.535405748878082159e+04 -6.553363766843058329e+03 -9.017289135406605055e+03 0.000000000000000000e+00
-1.365232781209593122e+04 3.560397127528542114e+03 -1.655955662776582540e+04 5.824972159339550672e+03 1.130900226469415429e+04 -2.251593920171512218e+04 1.538197494542793174e+04 -6.669674612911118857e+03 -8.888273150974187956e+03 0.000000000000000000e+00
-1.367540474353694299e+04 3.677774100244780129e+03 -1.663802679806726519e+04 5.693394356615842298e+03 1.138189657440890551e+04 -2.245752701631027594e+04 1.541041798121476859e+04 -6.785060947908526032e+03 -8.758366059667212539e+03 0.000000000000000000e+00
-1.369910205384444998e+04 3.794267915826851095e+03 -1.671670523155936462e+04 5.560991460935368195e+03 1.145377161113001239e+04 1.543938424560715976e+04 -6.899516349058813830e+03 -8.627576481775113280e+03 0.000000000000000000e+00 0.000000000000000000e+00
-1.372342049614842836e+04 3.909872424830693035e+03 -1.679558249695791164e+04 2.339359028226956798e+04 5.427772598253873184e+03 1.546887123586816961e+04 -7.013034542169524684e+03 0.000000000000000000e+00 0.000000000000000000e+00 0.000000000000000000e+00
-1.374836065659656924e+04 4.024581635349085445e+03 -1.687464906561848693e+04 2.334647951378451398e+04 2.331326921268753358e+04 2.526924142886404297e+04 5.293747027562633775e+03 1.549887629750394080e+04 -7.125609402481130019e+03 0.000000000000000000e+00
-1.377392295420921619e+04 4.138389713811808178e+03 2.329840970190347070e+04 2.330807935008212371e+04 2.532626994942901365e+04 5.158924139595834276e+03 1.552939662474483703e+04 -7.237234955496924158e+03 0.000000000000000000e+00 0.000000000000000000e+00
-1.380010764075330007e+04 4.251290985763129356e+03 2.324939178387798529e+04 2.330168046544610479e+04 2.538219916571003705e+04 5.023313455504077865e+03 1.426256428552606303e+04 1.556042926103939317e+04 -7.347905377784188204e+03 0.000000000000000000e+00
6.979050118241798373e+03 2.319943680450852116e+04 2.329406718061566426e+04 2.543702156900918999e+04 4.886924625493667008e+03 1.559197109956048189e+04 -7.457614997746271911e+03 0.000000000000000000e+00 0.000000000000000000e+00 0.000000000000000000e+00
2.314855591417371397e+04 2.328523427356031971e+04 2.549072977973624074e+04 4.749767427500919439e+03 1.562401888379930278e+04 -7.566358296397744198e+03 0.000000000000000000e+00 0.000000000000000000e+00 0.000000000000000000e+00 0.000000000000000000e+00
6.961250956078968557e+03 2.309676036683018538e+04 2.327517667938714294e+04 2.554331654857258400e+04 4.611851765799357054e+03 1.395944357824093095e+04 1.565656920813473516e+04 -7.674129908094559141e+03 0.000000000000000000e+00 0.000000000000000000e+00
6.952201011437789930e+03 2.304406151799725194e+04 2.326388949130844412e+04 2.559477475759795198e+04 4.473187669600642039e+03 1.385605743240672018e+04 1.568961851844440389e+04 -7.780924621247516370e+03 -5.669320034275199305e+02 0.000000000000000000e+00
1.408829011192419421e+04 6.943035472322379064e+03 2.299047082272385160e+04 2.325136796158305151e+04 2.564509742139534137e+04 4.333785291636253532e+03 1.375150625864393805e+04 1.572316311274297368e+04 -7.886737379012632118e+03 -5.920572460801253101e+02
1.409936256924753798e+04 6.933742823663398667e+03 2.293599983353801872e+04 2.323760750243105213e+04 2.569427768813410876e+04 4.193654906720031249e+03 1.364579508526713471e+04 1.575719914184726986e+04 -7.991563279958364546e+03 -6.174669047328776514e+02
1.411056109954077328e+04 6.924311552286209007e+03 2.288066019837922431e+04 2.322260368692169504e+04 2.574230884063082340e+04 4.052806910291887107e+03 1.353892912115245235e+04 1.579172261006827830e+04 -6.431707828499736479e+02 0.000000000000000000e+00
1.412187551908120622e+04 1.602323895007406645e+04 6.914730149152094782e+03 2.282446365851417795e+04 2.320635224983444641e+04 2.578918429738808845e+04 3.911251816942844016e+03 1.343091375511917977e+04 1.582672937592975359e+04 -6.691786248648560331e+02
1.413329557967992150e+04 1.591066080501450233e+04 6.904987111598877163e+03 2.276742204643611694e+04 2.318884908849305793e+04 2.583489761361097044e+04 3.769000258921673321e+03 1.332175455527869781e+04 1.586221515291336800e+04 -6.955001142027990682e+02
1.414481097073327146e+04 1.579813045184316979e+04 6.895070945580626358e+03 2.270954728374827755e+04 2.317009026357243420e+04 2.587944248220090594e+04 3.626062984623305510e+03 1.321145726835099049e+04 1.589817551023009219e+04 -7.221448713145175589e+02
1.415641132128376375e+04 1.568565996012490541e+04 6.884970167905981725e+03 2.265085137903186114e+04 2.315007199987828426e+04 2.592281273472708563e+04 3.482450857059297505e+03 1.310002781894887994e+04 1.593460587361787293e+04 -7.491224517211558123e+02
