4.976124472195942872e+03
5.265474596017164913e+03
5.530930061183451471e+03
5.771333681410447753e+03
5.985644855478755744e+03
6.172944645923029384e+03
6.332439497973525249e+03
6.463465097138869169e+03
6.565489454502609078e+03
6.638115057765291567e+03
6.681080470421648897e+03
6.694261198290609173e+03
6.677669820474317930e+03
6.631455461272461434e+03
6.555902567650316996e+03
6.451429014305846977e+03
6.318583535046637735e+03
6.158042506302278525e+03
5.970606081726707998e+03
5.757193725614698451e+03
5.518839193607435845e+03
5.256684993322035552e+03
4.971976369126273312e+03
4.666054884532712094e+03
4.340351671731924398e+03
3.996380394277546202e+03
3.635729901853920182e+03
3.260056550915438038e+03
2.871076359755868452e+03
2.470557037503770971e+03
2.060309961946816657e+03
1.642182082072705725e+03
1.218047619005449178e+03
7.897998667266360826e+02
3.593429814996219420e+02
-7.141639678325203988e+01
-5.005772456169747215e+02
-9.262521213953515371e+02
-1.346575163279060689e+03
-1.759709885339542780e+03
-2.163856914183078061e+03
-2.557261639187439414e+03
-2.938221590709452812e+03
-3.305093595081978037e+03
-3.656300734243618535e+03
-3.990339063086807982e+03
-4.305784122127247429e+03
-4.601297117003194217e+03
-4.875630721660485506e+03
-5.127634506149651315e+03
-5.356259960522967049e+03
-5.560565113521227431e+03
-5.739718704411451654e+03
-5.893003888628299137e+03
-6.019821464880249550e+03
-6.119692571762696389e+03
-6.192260826202416865e+03
-6.237293856485596734e+03
-6.254684207648001575e+03
-6.244449658170750808e+03
-6.206732945331977135e+03
-6.141800876036722002e+03
-6.050042818124787118e+03
-5.931968560276974131e+03
-5.788205593333473189e+03
-5.619495843326749309e+03
-5.426691829560024416e+03
-5.210752301302851265e+03
-4.972737389539559445e+03
-4.713803292597813197e+03
-4.435196574966157641e+03
-4.138248054225018677e+03
-3.824366205118372818e+03
-3.495030261102175245e+03
-3.151783119342331247e+03
-2.796223932018726373e+03
-2.430000532410861524e+03
-2.054801736736021212e+03
-1.672349462536804140e+03
-1.284390735822714760e+03
-8.926896885037499487e+02
-4.990195337978991574e+02
-1.051545087172565900e+02
2.871382173311994848e+02
6.761065565649503242e+02
1.060021385659324096e+03
1.437184412219723981e+03
1.805935810486004584e+03
2.164661561519138559e+03
2.511800621100271655e+03
2.845851894174593781e+03
3.165380998037845529e+03
3.469026724753564395e+03
3.755507184410711034e+03
4.023625517803623552e+03
4.272275080178474127e+03
4.500444330178749624e+03
4.707221226375276274e+03
4.891797231624640517e+03
5.053471027741838952e+03
5.191651359339800365e+03
5.305859022790449671e+03
5.395728580872978455e+03
5.461009739533720676e+03
5.501568070734781031e+03
5.517384714331926261e+03
5.508555546595644955e+03
5.475289950217969817e+03
5.417908984000448982e+03
5.336842961161354651e+03
5.232628447823042734e+03
5.105904780275583107e+03
4.957410059656795056e+03
4.787976634100929004e+03
4.598526160456197431e+03
4.390064329056968745e+03
4.163675310089689447e+03
3.920515872825918905e+03
3.661809161199900245e+03
3.388838283859043713e+03
3.102939711454096596e+03
2.805496566125429581e+03
2.497931780510252793e+03
2.181701169101640062e+03
1.858286568418889146e+03
1.529189012042063951e+03
1.195921812464620643e+03
8.600037242240669002e+02
5.229522334049090659e+02
1.862768385574264869e+02
-1.485275708661091585e+02
-4.799869924433673987e+02
-8.066544961707371613e+02
-1.127116324239166943e+03
-1.439997702852845805e+03
-1.743968550144105848e+03
-2.037748922597661021e+03
-2.320114218505736972e+03
-2.589900189583026986e+03
-2.846007672292586903e+03
-3.087407083192471873e+03
-3.313142618140940158e+03
-3.522336048935098006e+03
-3.714190202158891225e+03
-3.887992105780938800e+03
-4.043115771592492820e+03
-4.179024588910993771e+03
-4.295273309519955546e+03
-4.391509581495900420e+03
-4.467475046284432210e+03
-4.523006021597612744e+03
-4.558033710419938870e+03
-4.572583971740237757e+03
-4.566776664765226087e+03
-4.540824491171470072e+03
-4.495031375119165205e+03
-4.429790362084048866e+03
-4.345581057114934993e+03
-4.242966681060187511e+03
-4.122590701452730173e+03
-3.985173071994217935e+03
-3.831506169251555093e+03
-3.662450376401799986e+03
-3.478929305055889017e+03
-3.281924727857780908e+03
-3.072471325322632765e+03
-2.851651275409694790e+03
-2.620588645143623125e+03
-2.380443684068994571e+03
-2.132406964173837878e+03
-1.877693407966669838e+03
-1.617536313804258725e+03
-1.353181237706631919e+03
-1.085879914568329013e+03
-8.168843049309165281e+02
-5.474408203396958470e+02
-2.787845691186573163e+02
-1.213365543089800980e+01
2.513164510079573120e+02
5.103983060962187892e+02
7.639777245450254668e+02
1.010958886291129033e+03
1.250289208406088846e+03
1.480963894813656907e+03
1.702030225375470991e+03
1.912591585891319028e+03
2.111811207997798192e+03
2.298915620824012876e+03
2.473197823422010970e+03
2.634020138101006978e+03
2.780816691880863800e+03
2.913095459261648557e+03
3.030440109711998957e+03
3.132511063172086324e+03
3.219046299560086482e+03
3.289861986202537082e+03
3.344852542273626113e+03
3.383990278403435696e+03
3.407324622073328555e+03
3.414980893935088261e+03
