-3.496894862655523866e+03 1.987175495911521284e+04 1.378080537726964758e+04 2.528585331351025161e+04 2.462824675703472531e+04 -5.686171503784677043e+03 2.837592934147924552e+03 1.378200013227905583e+04 1.254178604812459344e+04 0.000000000000000000e+00
1.996612839363686726e+04 1.363803352813495258e+04 2.526345747930787547e+04 2.458869498748087790e+04 -5.524524416327213657e+03 2.681607975681948119e+03 1.376817296245434045e+04 1.266208051046335640e+04 0.000000000000000000e+00 0.000000000000000000e+00
2.006016877572195881e+04 1.349504139186321299e+04 2.523986559206711900e+04 2.454788153005853746e+04 -5.362930482927555204e+03 2.525999600233278215e+03 1.375442627738322335e+04 1.278260670148965255e+04 0.000000000000000000e+00 0.000000000000000000e+00
2.015386275919220134e+04 1.335184334142470652e+04 2.521508440372907717e+04 2.450580639365082607e+04 2.370781268223477582e+03 1.374077131435637421e+04 1.290335312831261581e+04 0.000000000000000000e+00 0.000000000000000000e+00 0.000000000000000000e+00
2.237241217492806391e+04 2.024719699300542561e+04 1.320845374300560979e+04 2.518912081034384028e+04 2.446246974687492548e+04 1.372721924302121079e+04 1.302430821252192254e+04 0.000000000000000000e+00 0.000000000000000000e+00 0.000000000000000000e+00
2.239303758021124668e+04 2.034015812349463886e+04 1.306488695373555856e+04 2.516198185082139025e+04 2.441787191831940800e+04 1.371378116343628062e+04 1.314546029198841279e+04 0.000000000000000000e+00 0.000000000000000000e+00 0.000000000000000000e+00
2.241265838093838829e+04 2.043273279661126799e+04 1.292115731941848935e+04 2.513367470565920667e+04 2.437201339675560666e+04 2.235743012867768630e+04 1.370046810414046558e+04 1.326679762268062950e+04 0.000000000000000000e+00 0.000000000000000000e+00
2.243126489717316872e+04 2.052490766017179703e+04 1.277727917227050239e+04 2.510420669564848868e+04 2.432489483132023088e+04 2.029641832343184433e+04 2.226479247719035993e+04 1.368729102023922860e+04 1.338830838049506565e+04 0.000000000000000000e+00
2.244884756851611382e+04 2.061666936610826451e+04 1.263326682865468138e+04 2.507358528055416173e+04 2.427651703167719825e+04 2.037069301690021530e+04 2.217134025510319407e+04 1.367426079150265832e+04 1.350998066310551985e+04 0.000000000000000000e+00
2.246539695595125886e+04 2.070800457272260974e+04 1.248913458681296288e+04 2.504181805776879628e+04 2.422688096815905374e+04 2.044365132822425221e+04 2.207708559711934140e+04 1.366138822047569920e+04 1.363180249183174783e+04 0.000000000000000000e+00
2.248090374367143522e+04 2.079889994694064080e+04 1.234489672463112220e+04 2.500891276095783178e+04 2.417598777185952713e+04 2.051529112713291033e+04 2.198204072124810045e+04 1.364868403061839126e+04 1.375376181350650040e+04 0.000000000000000000e+00
2.249535874088532000e+04 2.088934216657074649e+04 1.220056749738433791e+04 2.497487725867093104e+04 2.412383873471906918e+04 2.058561047012166455e+04 2.188621792666698457e+04 1.363615886445012438e+04 1.387584650237097048e+04 0.000000000000000000e+00
2.250875288360370905e+04 2.097931792256354311e+04 1.205616113549511101e+04 2.493971955293461360e+04 2.407043530957834446e+04 2.065460760047036820e+04 2.178962959157914156e+04 1.362382328171371046e+04 1.399804436198029907e+04 0.000000000000000000e+00
2.252107723640531913e+04 2.106881392127306390e+04 2.490344777782347228e+04 2.401577911020515239e+04 2.072228094822915591e+04 2.169228817105690905e+04 1.361168775755616662e+04 1.412034312712288920e+04 0.000000000000000000e+00 0.000000000000000000e+00
2.253232299418162802e+04 2.115781688671891970e+04 2.486607019800982380e+04 2.395987191129474013e+04 2.078862913017226674e+04 2.159420619487200747e+04 1.359976268072639141e+04 1.424273046575310036e+04 0.000000000000000000e+00 0.000000000000000000e+00
2.254248148386039975e+04 1.342885011130870953e+04 2.124631356284901267e+04 2.482759520729228825e+04 2.390271564844322711e+04 2.085365094971987855e+04 2.149539626531258546e+04 1.358805835178992311e+04 1.436519398093703603e+04 0.000000000000000000e+00
2.255154416610770568e+04 1.340941479866447480e+04 2.133429071580255550e+04 2.478803132710358841e+04 2.384431241809433050e+04 2.091734539682810282e+04 2.139587105498779783e+04 1.357658498136117851e+04 0.000000000000000000e+00 0.000000000000000000e+00
2.255950263700791766e+04 1.339056074748102583e+04 2.142173513617288336e+04 2.474738720499760529e+04 2.378466447745918049e+04 2.097971164784714347e+04 2.129564330462019643e+04 0.000000000000000000e+00 0.000000000000000000e+00 0.000000000000000000e+00
2.256634862972145129e+04 1.337228516640034468e+04 2.150863364126969827e+04 2.470567161311621749e+04 2.372377424440920367e+04 2.104074906534780894e+04 1.324839498937089047e+04 1.143909775976268429e+04 2.119472582082636654e+04 0.000000000000000000e+00
2.257207401611994646e+04 1.335458510914387989e+04 2.159497307738036761e+04 2.466289344663596785e+04 2.366164429734204532e+04 2.110045719791635202e+04 1.336470322366758955e+04 1.142169421346445233e+04 2.109313147388639845e+04 0.000000000000000000e+00
2.257667080839849223e+04 1.333745747512014714e+04 5.563228580440143560e+03 2.168074032202982198e+04 2.461906172219504515e+04 2.359827737502044329e+04 2.115883577991779384e+04 1.347996730117168590e+04 1.140466718086671972e+04 2.099087319550235770e+04
2.258013116066452130e+04 1.332089901006003311e+04 5.702747309710060108e+03 2.176592228623869232e+04 2.457418557630059877e+04 2.353367637638404631e+04 2.121588473122790310e+04 1.359417982249726083e+04 1.138800965215800170e+04 2.088796397654651082e+04
2.258244737050892945e+04 1.330490630667946971e+04 5.842727977389917214e+03 2.452827426371447655e+04 2.346784436033683232e+04 2.127160415693678078e+04 1.370733354188370140e+04 1.137171450866769192e+04 2.078441686479796044e+04 0.000000000000000000e+00
2.258361188054194281e+04 1.328947580536980422e+04 5.983158824656398792e+03 2.448133715582482910e+04 2.132599434701538848e+04 1.381942136825658963e+04 1.135577452434197585e+04 2.068024496267292852e+04 0.000000000000000000e+00 0.000000000000000000e+00
2.258361727989320570e+04 1.327460379491588901e+04 6.124027986786738438e+03 2.443338373900454098e+04 -1.097826866305841031e+04 2.137905577594470742e+04 1.393043636627962405e+04 1.134018236724064263e+04 2.057546142494936794e+04 -3.110386768800663958e+03
2.258245630573291783e+04 1.326028641323991360e+04 6.265323494935017152e+03 2.438442361293050271e+04 -1.095560804839031880e+04 2.143078910233831994e+04 1.404037175732116339e+04 1.132493060104799588e+04 2.047007945646995358e+04 -3.244952661300806085e+03
2.258012184472896843e+04 1.324651964817358930e+04 6.407033277976978752e+03 2.433446648890263896e+04 -1.093355261118232556e+04 2.148119516851324806e+04 1.414922092044805322e+04 1.131001168660723852e+04 2.036411230984817666e+04 -3.380109650457754924e+03
2.257660693448984239e+04 1.323329933825683293e+04 6.549145164359219962e+03 2.428352218814017033e+04 -1.091209755935682551e+04 2.153027500003600289e+04 1.425697739337957864e+04 1.129541798347218537e+04 2.025757328316353232e+04 -3.515847438582002724e+03
2.257190476498230419e+04 1.322062117356331510e+04 6.691646883966472160e+03 2.423160064006025277e+04 -1.089123794979370905e+04 2.157802980523804581e+04 1.436363487341610380e+04 1.128114175147744754e+04 2.015047571764954046e+04 -3.652155603705230988e+03
1.320848069655272229e+04 6.834526070006597365e+03 2.417871188053961305e+04 -1.087096868928172626e+04 2.162446097470104723e+04 1.446918721834223288e+04 1.126717515232663209e+04 2.004283299537495259e+04 -3.789023601058020176e+03 0.000000000000000000e+00
-7.234102089528126271e+03 1.319687330294941785e+04 6.977770260913016500e+03 2.412486605015903115e+04 -1.085128453549663391e+04 2.166957008071172095e+04 1.457362844730417055e+04 1.125351025119828591e+04 1.993465853691858501e+04 -3.926440764570054853e+03
-7.103015936365565722e+03 1.318579424264763657e+04 7.121366902264234341e+03 2.407007339243146998e+04 -1.083218009800602704e+04 2.171335887668679788e+04 1.467695274166131640e+04 1.124013901836936566e+04 1.982596579903844759e+04 -4.064396308392658284e+03
-6.971007828415318727e+03 1.317523862064284185e+04 7.265303348720133727e+03 2.401434425201376143e+04 -1.081364983930062044e+04 2.175582929656792476e+04 1.477915444581170232e+04 1.122705333085578968e+04 1.971676827233528820e+04 -4.202879328443392296e+03
-6.838086291605514816e+03 1.316520139798914715e+04 7.409566865974691609e+03 2.395768907290237985e+04 -1.079568807585192371e+04 2.179698345418700410e+04 1.488022806799139835e+04 1.121424497406983028e+04 1.960707947891133881e+04 -4.341878803972497735e+03
-6.704260011774691520e+03 1.315567739278274166e+04 7.554144632724822259e+03 2.390011839661353952e+04 -1.077828897919608971e+04 1.498016828104736487e+04 1.120170564349399865e+04 1.949691297002453939e+04 -4.481383599150996815e+03 0.000000000000000000e+00
-6.569537833412868167e+03 1.314666128117098197e+04 7.699023742654959278e+03 2.384164286034796169e+04 -1.076144657704381461e+04 1.507896992318390221e+04 1.118942694637115164e+04 1.938628232373872015e+04 -1.481612334592449770e+04 -4.621382464680124940e+03
-6.433928758371162985e+03 1.313814759838713144e+04 7.844191206437081746e+03 2.378227319514058763e+04 -1.074515475441610943e+04 1.517662799868242473e+04 1.117740040341039639e+04 1.927520114257031310e+04 -1.481267008297981738e+04 -4.761864039421950110e+03
-6.297441944547596904e+03 1.313013073981086382e+04 7.989633953754225331e+03 2.372202022399808266e+04 -1.072940725480047331e+04 1.527313767860047301e+04 1.116561745050662284e+04 1.916368305113138194e+04 -1.480980634117208137e+04 -4.902816852049839326e+03
-6.160086704527069742e+03 1.312260496205327763e+04 8.135338835321933402e+03 -1.071419768134323203e+04 1.115406944047914112e+04 1.905174169377115322e+04 -1.480752998425760234e+04 -5.044229322721655990e+03 0.000000000000000000e+00 0.000000000000000000e+00
-6.021872504175124050e+03 1.311556438406642155e+04 8.281292624906507626e+03 -1.069951949807840901e+04 -1.570094693874950281e+04 1.114274764482929459e+04 1.893939073221651415e+04 -1.480583871611260292e+04 -5.186089764775547337e+03 -1.973423663628514259e+04
-5.882808961261630429e+03 1.310900298828018822e+04 8.427482021425852508e+03 -1.068536603113832462e+04 -1.579271059016032996e+04 1.113164325549657224e+04 1.882664384320643148e+04 -1.480473008111419585e+04 -5.328386386437371584e+03 -1.978051294900349239e+04
-5.742905844002196318e+03 1.310291462176177083e+04 8.573893651004927960e+03 -1.067173047002664680e+04 -1.588329321077627901e+04 1.112074738664279357e+04 1.871351471612898240e+04 -1.480420146455344729e+04 -5.471107292555349886e+03 -1.982558630891763823e+04
-5.602173069584219775e+03 1.309729299740011993e+04 8.720514069061058763e+03 -1.065860586890576815e+04 -1.597269179251137393e+04 1.860001705065651549e+04 -1.480425009307513938e+04 -5.614240486352268817e+03 -1.986945918054867798e+04 0.000000000000000000e+00
-5.460620702663282827e+03 1.309213169511477463e+04 8.867329762402299821e+03 -1.064598514790875015e+04 -1.606090350285720160e+04 -1.480487303514537234e+04 -4.368261658392634672e+03 -5.757773871197051449e+03 -1.991213419204502497e+04 0.000000000000000000e+00
-5.318258953830239079e+03 1.308742416308877364e+04 9.014327151338356998e+03 -1.063386109447578383e+04 -1.614792568504480732e+04 1.108922091567873940e+04 -1.480606720154696632e+04 -4.388038185088261343e+03 -5.901695252395396892e+03 -1.995361413452624765e+04
-5.175098178049132002e+03 1.308316371902540777e+04 9.161492591803780670e+03 -1.062222636471471014e+04 -1.623375585817632236e+04 1.107906877788092606e+04 -1.480782934590257901e+04 -4.408107808813350857e+03 -6.045992338999235471e+03 -1.999390196140002081e+04
-5.031148873066422311e+03 1.307934355142870481e+04 -1.061107348478571657e+04 -1.631839171732641080e+04 -1.481015606522550661e+04 -4.428480199775286565e+03 -2.211134776354560745e+04 -6.190652745634700295e+03 -2.003300078765232320e+04 0.000000000000000000e+00
-4.886421677791723596e+03 -1.060039485230971877e+04 -1.640183113361346841e+04 -1.481304380049809697e+04 -4.449164956639150660e+03 -2.201803638924860206e+04 -6.335663994348356937e+03 -2.007091388911107788e+04 0.000000000000000000e+00 0.000000000000000000e+00
-4.740927370650390912e+03 1.307299616150164547e+04 -1.059018273780037271e+04 -1.648407215424074820e+04 -1.481648883727767497e+04 -4.470171604643361206e+03 -2.192401386394791552e+04 -6.481013516471358344e+03 -2.010764470168321714e+04 0.000000000000000000e+00
-4.594676867908295208e+03 -1.058042928611943898e+04 -1.656511300250728164e+04 -1.482048730633000923e+04 -4.491509593727910215e+03 -2.182929332553354470e+04 -6.626688654501309429e+03 -2.014319682056544480e+04 0.000000000000000000e+00 0.000000000000000000e+00
-4.447681221969101898e+03 -1.057112651795530837e+04 -1.664495207778878466e+04 -1.482503518429007090e+04 -4.513188296675466518e+03 -2.173388797293044627e+04 -6.772676664001451172e+03 -2.017757399942884877e+04 0.000000000000000000e+00 0.000000000000000000e+00
-1.056226633132438474e+04 -1.672358795548851049e+04 -2.363261984106230375e+04 -1.483012829435015919e+04 -4.535217007265706343e+03 -2.163781106388524131e+04 -6.918964715516948672e+03 -2.021078014957731648e+04 0.000000000000000000e+00 0.000000000000000000e+00
-1.055384050309966369e+04 -1.680101938696005527e+04 -2.371093558462001602e+04 -1.483576230697701430e+04 -4.557604938442426828e+03 -2.154107591274596416e+04 -7.065539896508829770e+03 -2.024281933908191422e+04 0.000000000000000000e+00 0.000000000000000000e+00
-1.054584069055282271e+04 -1.687724529939648710e+04 -2.378839039791135656e+04 -1.484193274065253536e+04 -4.580361220495963607e+03 -2.144369588822958758e+04 -7.212389213302585631e+03 -2.027369579188597345e+04 0.000000000000000000e+00 0.000000000000000000e+00
-1.170240705309412078e+04 -1.053825843290928242e+04 -1.695226479568585637e+04 -2.386497335740810377e+04 -1.484863496263795969e+04 -4.603494899261297178e+03 -2.134568441117773909e+04 -7.359499593051148622e+03 -2.030341388688115330e+04 0.000000000000000000e+00
-1.053108515296134829e+04 -1.702607715425195784e+04 -2.394067361900843025e+04 -1.485586418977907124e+04 -4.627014934324589376e+03 -2.124705495231943860e+04 -7.506857885720829472e+03 -2.033197815697182523e+04 0.000000000000000000e+00 0.000000000000000000e+00
-1.174336957415982761e+04 -1.709868182885245915e+04 -1.514628470480336910e+04 -2.401548041982884752e+04 -1.486361548932612277e+04 -4.650930197249676894e+03 -2.114782103001384166e+04 -7.654450866086621318e+03 -2.035939328810233201e+04 0.000000000000000000e+00
-1.176469521596273989e+04 -1.717007844835107244e+04 -1.518112864052517034e+04 -2.408938307997903757e+04 -1.487188377978381686e+04 -4.675249469818147190e+03 -2.104799620798953038e+04 -7.802265235744446727e+03 -2.038566411826246986e+04 0.000000000000000000e+00
-1.178658972566124066e+04 -1.724026681646021461e+04 -1.521648876759726227e+04 -2.416237100432796797e+04 -1.488066383178798606e+04 -4.699981442284783952e+03 -2.094759409307723399e+04 -7.950287625138249496e+03 -2.041079563646807219e+04 0.000000000000000000e+00
-1.180905738110710445e+04 -1.730924691145423640e+04 -1.525236253690281956e+04 -2.423443368426074812e+04 -1.488995026900873199e+04 -4.725134711648655866e+03 -2.084662833293653239e+04 -8.098504595601707479e+03 -2.043479298171692426e+04 0.000000000000000000e+00
-1.183210231311807547e+04 -1.737701888585338020e+04 -1.528874724928927208e+04 -2.430556069942605609e+04 -4.750717779940173386e+03 -2.074511261377658229e+04 -8.246902641414089885e+03 -2.045766144191999774e+04 0.000000000000000000e+00 0.000000000000000000e+00
-1.185572850460261907e+04 -1.744358306607845952e+04 -1.532564005594863374e+04 -2.437574171947393188e+04 -4.776739052524359067e+03 -2.064306065807158302e+04 -8.395468191870078954e+03 -2.047940645280844910e+04 0.000000000000000000e+00 0.000000000000000000e+00
-1.187993978971019351e+04 -1.750893995207648550e+04 -1.536303795882534905e+04 -2.444496650578349363e+04 -4.803206836420682521e+03 -2.054048622227121814e+04 -2.050003359681644361e+04 0.000000000000000000e+00 0.000000000000000000e+00 0.000000000000000000e+00
-1.190473985300745517e+04 -1.757309021691728776e+04 -1.540093781105185917e+04 -2.451322491318046377e+04 -1.884397464675469018e+04 -4.830129338639681009e+03 -2.043740309450649875e+04 -2.051954860193992499e+04 0.000000000000000000e+00 0.000000000000000000e+00
-1.193013222868034973e+04 -1.763603470636123893e+04 -8.823488074762517499e+03 -1.543933631741168938e+04 -2.458050689164400319e+04 -4.857514664536729470e+03 -2.033382509229134666e+04 -2.053795734057174923e+04 0.000000000000000000e+00 0.000000000000000000e+00
-1.195612029976233498e+04 -1.769777443839823172e+04 -8.701545740525465590e+03 -1.547823003482998865e+04 -2.464680248800288973e+04 -2.022976606022041597e+04 -2.055526582831314954e+04 0.000000000000000000e+00 0.000000000000000000e+00 0.000000000000000000e+00
-1.198270729738886621e+04 -1.775831060275804339e+04 -8.580053935390365950e+03 -1.551761537289152147e+04 -2.471210184762041172e+04 -2.012523986766345843e+04 -2.057148022276186020e+04 0.000000000000000000e+00 0.000000000000000000e+00 0.000000000000000000e+00
4.390069113763925998e+03 -1.781764456039122524e+04 -8.459022351949515723e+03 -1.555748859438756153e+04 -2.477639521607344068e+04 -1.849919539418705244e+04 -2.058660682227414509e+04 0.000000000000000000e+00 0.000000000000000000e+00 0.000000000000000000e+00
4.262317575213793134e+03 -1.203769023302022106e+04 -1.787577784292356591e+04 -8.338460562043137543e+03 -1.559784581588681067e+04 -2.483967294080882129e+04 -1.841002029337258864e+04 -6.325767551428076331e+03 -2.060065206470982230e+04 0.000000000000000000e+00
4.135190861317880263e+03 -1.206609186747162130e+04 -1.793271215208436843e+04 -8.218378015359976416e+03 -1.563868300833013382e+04 -2.490192547277658014e+04 -1.831966138042159582e+04 -6.431223572326226531e+03 -2.061362252616125261e+04 0.000000000000000000e+00
4.008698296276635119e+03 -1.209510382004623898e+04 -1.798844935909870401e+04 -8.098784038030760712e+03 -1.567999599766543179e+04 -2.496314336809510496e+04 -1.822812310319413882e+04 -6.535668085134897410e+03 -2.062552491963457214e+04 0.000000000000000000e+00
3.882849069280509411e+03 -1.212472855213535149e+04 -1.804299150405867476e+04 -7.979687831272574840e+03 -1.572178046549816827e+04 -2.502331728966559967e+04 -1.813541007802537206e+04 -6.639097020091330705e+03 -2.063636609373046667e+04 0.000000000000000000e+00
3.757652233204226377e+03 -1.215496836931768848e+04 -1.809634079526485220e+04 -7.861098470050027572e+03 -1.576403194977189924e+04 -2.508243800878452748e+04 -1.804152708912366506e+04 -6.741506479970513283e+03 -2.064615303129670792e+04 0.000000000000000000e+00
3.633116703324974424e+03 -1.218582542080123676e+04 -7.743024901761017645e+03 -1.580674584547560153e+04 -2.514049640674289913e+04 -1.794647908793915121e+04 -6.842892740433639119e+03 -2.065489284805897842e+04 0.000000000000000000e+00 0.000000000000000000e+00
3.509251256064701010e+03 -1.221730169889232639e+04 -7.625475944947247626e+03 -1.584991740537754413e+04 -2.519748347641224609e+04 -1.785027119250241594e+04 -6.943252250347090012e+03 -2.066259279123013766e+04 0.000000000000000000e+00 0.000000000000000000e+00
3.386064527756700954e+03 -1.224939903849193979e+04 5.377616713974191953e+03 -7.508460288029670664e+03 -1.589354174078572578e+04 -2.525339032381691868e+04 -1.775290868673376463e+04 -7.042581632071812237e+03 -2.066926023809811886e+04 0.000000000000000000e+00
3.263565013436718345e+03 -1.228211911661955855e+04 5.499392457107979681e+03 -7.391986488069132065e+03 -1.593761382233461700e+04 -2.530820816969247244e+04 -1.765439701972304465e+04 -7.140877681723190108e+03 -2.067490269459282717e+04 0.000000000000000000e+00
3.141761065658704865e+03 -1.231546345196448237e+04 5.620245014972883837e+03 -7.276062969552328468e+03 -1.598212848079823743e+04 -2.536192835102989557e+04 -1.755474180498011265e+04 -7.238137369401324577e+03 -2.067952779383221787e+04 0.000000000000000000e+00
3.020660893335455967e+03 -1.234943340446475668e+04 5.740167574159373544e+03 -7.160698023203301091e+03 -1.602708040792923566e+04 -2.541454232260527351e+04 -1.745394881965628156e+04 -7.334357839391726884e+03 -2.068314329464770708e+04 0.000000000000000000e+00
2.900272560604277260e+03 -1.238403017491385617e+04 5.859153482153819823e+03 -7.045899804820620375e+03 -1.607246415732406786e+04 -2.546604165849479614e+04 -1.735202400373666387e+04 -7.429536410336450899e+03 0.000000000000000000e+00 0.000000000000000000e+00
2.780603985717871183e+03 -1.241925480459508071e+04 5.977196248203870709e+03 -6.931676334140479412e+03 -1.611827414531384420e+04 -2.551641805357460544e+04 -1.724897345920369116e+04 -7.523670575375628687e+03 1.370487057572387494e+04 0.000000000000000000e+00
2.661662939960599033e+03 -1.245510817494385628e+04 6.094289544155321892e+03 -6.818035493725788001e+03 -1.616450465188096496e+04 -2.556566332500542558e+04 -1.714480344917194088e+04 -7.616758002259433852e+03 1.372478352722472118e+04 0.000000000000000000e+00
2.543457046595080101e+03 -1.249159100724138989e+04 6.210427205255967237e+03 -6.704985027885256386e+03 -1.621114982160014370e+04 -2.561376941369650376e+04 -1.703952039698593580e+04 -7.708796533435717720e+03 1.374533119167035693e+04 0.000000000000000000e+00
2.425993779824935700e+03 -1.252870386232946476e+04 6.325603230939372224e+03 -6.592532541611337365e+03 -1.625820366460693367e+04 -1.693313088530657114e+04 -7.799784186097654128e+03 1.376651480407406234e+04 0.000000000000000000e+00 0.000000000000000000e+00
2.309280463773396605e+03 -1.256644714034613753e+04 6.439811785588894054e+03 -6.480685499536827592e+03 -1.630566005759386826e+04 -1.682564165518722075e+04 -7.889719152190983550e+03 1.378833543941348762e+04 2.225481031230869121e+04 0.000000000000000000e+00
2.193324271526922530e+03 -1.260482108051749128e+04 6.553047199237046698e+03 -6.369451224948713389e+03 -1.635351274482247027e+04 -1.671705960505227631e+04 -7.978599798434249351e+03 1.381079401244859764e+04 2.235018906007639816e+04 0.000000000000000000e+00
2.078132224171372854e+03 -1.264382576095349395e+04 6.665303968266443917e+03 -6.258836898802480391e+03 -1.640175533916803033e+04 -1.660739178970784269e+04 -8.066424666272936520e+03 1.383389127753698267e+04 2.244472802148289702e+04 0.000000000000000000e+00
1.963711189863910704e+03 -1.268346109847881416e+04 6.776576756072884564e+03 -6.148849558770693875e+03 -1.645038132318673888e+04 -1.649664541930793712e+04 1.385762782848232018e+04 2.253841566237252482e+04 0.000000000000000000e+00 0.000000000000000000e+00
1.995880623022373766e+04 1.850067882931355371e+03 -1.272372684849194229e+04 6.886860393699082124e+03 -6.039496098318695658e+03 -1.649938405020736536e+04 -1.638482785829325076e+04 1.388200409840816610e+04 2.263124053706823179e+04 0.000000000000000000e+00
1.987552267237980050e+04 1.737208862995126992e+03 -1.276462260485260231e+04 6.996149880438985747e+03 -5.930783265807482167e+03 -1.654875674544728463e+04 -1.627194662430272365e+04 1.390702035965709001e+04 2.272319129028462703e+04 0.000000000000000000e+00
1.979096696628959762e+04 1.625140534122890585e+03 -1.280614779979747800e+04 7.104440384412512685e+03 -5.822717663623850058e+03 -1.659849250715245944e+04 -1.615800938705800036e+04 1.393267672371509798e+04 2.281425665902667970e+04 0.000000000000000000e+00
1.970514348930256892e+04 1.513869144007054047e+03 -1.284830170388439910e+04 7.211727243110737618e+03 -5.715305747338003130e+03 -1.664858430776149180e+04 -1.604302396722112280e+04 1.395897314116139569e+04 2.290442547447387187e+04 0.000000000000000000e+00
1.961805679975507519e+04 1.403400783170215618e+03 7.318005963911328763e+03 -5.608553824888675990e+03 -1.592699833522556401e+04 1.398590940164341737e+04 2.299368666384956305e+04 0.000000000000000000e+00 0.000000000000000000e+00 0.000000000000000000e+00
1.952971163637260179e+04 2.559337493429592359e+04 1.601198623626635163e+04 7.423272224564238968e+03 -5.502468055795860892e+03 -1.580994061008096469e+04 1.401348513387716230e+04 2.308202925227480955e+04 0.000000000000000000e+00 0.000000000000000000e+00
1.944011291763995541e+04 2.560549879007512936e+04 1.587517129599760119e+04 7.527521873647587199e+03 -5.397054450401285976e+03 1.404169980567277344e+04 2.316944236460701723e+04 0.000000000000000000e+00 0.000000000000000000e+00 0.000000000000000000e+00
1.934926574113927927e+04 2.561630961584629040e+04 1.573773195851393757e+04 7.630750930993586735e+03 -5.292318869136687681e+03 2.197930363357221358e+04 1.883016809501943862e+04 1.407055272398536363e+04 2.325591522726223411e+04 0.000000000000000000e+00
1.925717538285629780e+04 2.562580257177837484e+04 1.559968067499808058e+04 7.732955588084565534e+03 -5.188267021819983711e+03 2.194893071473537566e+04 1.885656709763989056e+04 1.410004303499103298e+04 2.334143717002152698e+04 0.000000000000000000e+00
1.916384729648827488e+04 2.563397298795015013e+04 1.546102996784337665e+04 7.834132208423487100e+03 -5.084904466977723132e+03 2.191770140746026664e+04 1.888184260774607537e+04 1.413016972418380465e+04 2.342599762781940808e+04 0.000000000000000000e+00
1.906928711265331003e+04 2.564081636531733238e+04 1.532179242867241919e+04 7.934277327865360348e+03 -4.982236611198981336e+03 2.188562691524420006e+04 1.890600015587400412e+04 1.416093161650630645e+04 2.350958614251784093e+04 0.000000000000000000e+00
1.897350063799814598e+04 2.564632837664912586e+04 1.518198071635546330e+04 8.033387654909143748e+03 -4.880268708521004555e+03 2.185271852567555106e+04 1.892904542666545603e+04 1.419232737651470234e+04 2.359219236466565417e+04 0.000000000000000000e+00
1.887649385454770527e+04 2.565050486744062800e+04 1.504160755496058482e+04 8.131460070996321519e+03 -4.779005859829005203e+03 2.181898760837127338e+04 1.895098425779575700e+04 1.422435550853335371e+04 2.367380605523029226e+04 0.000000000000000000e+00
1.877827291878797405e+04 2.565334185679062648e+04 1.490068573173715777e+04 8.228491630747590534e+03 -4.678453012296304223e+03 2.178444561292273647e+04 1.897182263883448104e+04 1.425701435686499644e+04 2.375441708732051120e+04 0.000000000000000000e+00
1.867884416078385766e+04 2.565483553825072158e+04 8.324479562178235938e+03 -4.578614958849332652e+03 2.174910406682615576e+04 1.899156671009069396e+04 1.429030210601739236e+04 2.383401544788833417e+04 0.000000000000000000e+00 0.000000000000000000e+00
1.857821408326614619e+04 2.565498228064424620e+04 8.419421266883344288e+03 -4.479496337661005782e+03 2.171297457340344044e+04 1.901022276143190902e+04 1.432421678095494644e+04 2.391259123941262806e+04 0.000000000000000000e+00 0.000000000000000000e+00
1.847638936068783732e+04 1.763032279970019590e+04 2.565377862885471404e+04 8.513314320192745072e+03 -4.381101631672466283e+03 2.167606880971352439e+04 1.902779723107679820e+04 1.435875624737528051e+04 2.399013468156396630e+04 0.000000000000000000e+00
1.776149483792516912e+04 2.565122130458367610e+04 8.606156471295784286e+03 2.163839852445476208e+04 1.904429670436170272e+04 1.439391821201061066e+04 2.406663611285021761e+04 0.000000000000000000e+00 0.000000000000000000e+00 0.000000000000000000e+00
1.789196985918780410e+04 2.564730720707777436e+04 8.697945643335813656e+03 2.159997553585861169e+04 1.905972791248136491e+04 1.442970022295400486e+04 2.414208599224298814e+04 0.000000000000000000e+00 0.000000000000000000e+00 0.000000000000000000e+00
4.748713919905573675e+03 1.802173462595057208e+04 2.564203341382483995e+04 1.802262299598207392e+04 8.788679933474481004e+03 2.156081172957510717e+04 1.907409773120391037e+04 1.446609967001040059e+04 2.421647490078425835e+04 0.000000000000000000e+00
4.916398830389299292e+03 1.815077597792825327e+04 2.563539718121882106e+04 1.793071407555883343e+04 8.878357612925770809e+03 2.152091905655017035e+04 1.908741317956033527e+04 1.450311378507231711e+04 2.428979354317309117e+04 0.000000000000000000e+00
5.084009677388131422e+03 1.827908083418864044e+04 2.562739594519341699e+04 1.783881039016701106e+04 8.966977126959896850e+03 2.148030953089553441e+04 1.909968141850866596e+04 1.454073964252022233e+04 2.436203274933206558e+04 0.000000000000000000e+00
5.251531155091625806e+03 1.840663619524041133e+04 2.561802732182419277e+04 1.774692389134881523e+04 9.054537094876903211e+03 2.143899522775124933e+04 1.911090974957302387e+04 2.443318347595330124e+04 0.000000000000000000e+00 0.000000000000000000e+00
5.418947960770639838e+03 1.853342914510766423e+04 2.560728910789911970e+04 1.765506646841697511e+04 9.141036309950161012e+03 2.139698828114131538e+04 1.912110561345777387e+04 2.450323680802343370e+04 0.000000000000000000e+00 0.000000000000000000e+00
5.586244797320362522e+03 1.865944685338327326e+04 2.559517928145451151e+04 1.756324994649772634e+04 9.226473739337276129e+03 2.135430088182432883e+04 1.913027658863185570e+04 2.457218396033183308e+04 0.000000000000000000e+00 0.000000000000000000e+00
5.753406375810651298e+03 1.878467657728327322e+04 2.558169600228464697e+04 1.747148608457995579e+04 9.310848523965742061e+03 2.131094527513485446e+04 1.913843038989894558e+04 1.042371747277437134e+04 2.464001627894908597e+04 0.000000000000000000e+00
5.920417418043685757e+03 1.890910566370278320e+04 2.556683761242533001e+04 1.737978657357034899e+04 9.394159978393765414e+03 2.126693375881590691e+04 1.914557486695424450e+04 1.031757407040520593e+04 2.470672524267550762e+04 0.000000000000000000e+00
6.087262659068830544e+03 1.903272155119547460e+04 2.555060263658212352e+04 1.728816303438670366e+04 9.476407590620883639e+03 2.122227868085801310e+04 1.915171800287502265e+04 1.021193824063452485e+04 2.477230246450079721e+04 0.000000000000000000e+00
6.253926849727638910e+03 1.915551177199123777e+04 2.553298978254627218e+04 1.719662701604273389e+04 2.117699243732271862e+04 1.915686791262378756e+04 1.010681843041829779e+04 2.483673969301300167e+04 0.000000000000000000e+00 0.000000000000000000e+00
6.420394759184902796e+03 1.927746395398341338e+04 2.551399794157252472e+04 1.710518999375242129e+04 -1.046501578904284543e+04 2.113108747016422421e+04 1.916103284151773187e+04 1.000222294921933099e+04 2.490002881379304745e+04 0.000000000000000000e+00
6.586651177454799836e+03 1.939856582270031140e+04 2.549362618872455641e+04 1.701386336704832866e+04 -1.046255778263733191e+04 2.108457626504652944e+04 1.916422116367478156e+04 9.898159967793617398e+03 0.000000000000000000e+00 0.000000000000000000e+00
6.752680917921641594e+03 1.951880520326069018e+04 2.547187378318765695e+04 1.692265845791400352e+04 -1.045980422033133254e+04 1.916644138043680505e+04 9.794637517003948233e+03 -1.428014943793229577e+04 0.000000000000000000e+00 0.000000000000000000e+00
6.918468819854649155e+03 1.963817002231266815e+04 2.544874016854870206e+04 1.683158650893086451e+04 -1.045674317822362900e+04 1.916770211876974645e+04 9.691663486660867420e+03 -1.417077065815232891e+04 0.000000000000000000e+00 0.000000000000000000e+00
7.083999750916314952e+03 1.975664830995599914e+04 2.542422497304345234e+04 1.674065868143995249e+04 -1.045336275405522792e+04 1.916801212964146907e+04 9.589245624391303863e+03 -1.614174295082051322e+04 -1.406165873922961146e+04 0.000000000000000000e+00
7.249258609663798779e+03 1.987422820164715813e+04 2.539832800977076477e+04 1.664988605371865924e+04 -1.044965106952955466e+04 1.916738028637719981e+04 9.487391534534895982e+03 -1.616656266571341439e+04 -1.395282533088683158e+04 0.000000000000000000e+00
7.414230328042866859e+03 1.999089794008704848e+04 2.537104927687402233e+04 1.655927961917301218e+04 -1.044559627263046059e+04 1.916581558299298922e+04 9.386108677068288671e+03 -1.619129887444375890e+04 -1.384428198320842239e+04 0.000000000000000000e+00
7.578899873873887373e+03 2.010664587709094485e+04 2.534238895768939983e+04 1.646885028454552958e+04 -1.044118653993760563e+04 9.285404366557489993e+03 -1.621593970949899449e+04 -1.373604014479426405e+04 0.000000000000000000e+00 0.000000000000000000e+00
7.743252253329350424e+03 2.022146047544032263e+04 2.531234742086112237e+04 1.637860886813915386e+04 -1.043641007893875940e+04 9.185285771138451310e+03 -1.624047326495448760e+04 -7.648683539804022985e+03 -1.362811116093172859e+04 0.000000000000000000e+00
7.907272513402441291e+03 2.033533031071632286e+04 2.528092522042350538e+04 1.628856609805745939e+04 9.085759911526045471e+03 -1.626488759866124565e+04 -7.715422113678369897e+03 -1.352050627178645664e+04 0.000000000000000000e+00 0.000000000000000000e+00
8.070945744373423622e+03 2.044824407312280528e+04 2.524812309585263938e+04 1.619873261045752224e+04 8.986833660054800930e+03 -1.628917073443645677e+04 -7.782872046079911343e+03 -1.341323661060964150e+04 -1.786136956985720462e+04 0.000000000000000000e+00
8.234257082251591783e+03 2.056019056927377096e+04 2.521394197207921752e+04 1.610911894782757736e+04 8.888513739741796599e+03 -1.631331066427448786e+04 -7.851032480590243722e+03 -1.330631320196974957e+04 -1.798886110160987664e+04 0.000000000000000000e+00
8.397191711191630020e+03 2.067115872394424878e+04 2.517838295946253493e+04 1.601973555729026521e+04 8.790806723371570115e+03 -1.633729535057858811e+04 -7.919902399857955061e+03 -1.319974696000950826e+04 -1.811556655110260544e+04 0.000000000000000000e+00
8.559734865958173032e+03 2.078113758186887935e+04 1.593059278889074631e+04 8.693719032636330667e+03 -1.636111272835141608e+04 -7.989480625516002874e+03 -1.309354868670129326e+04 -1.824147327444816256e+04 0.000000000000000000e+00 0.000000000000000000e+00
8.721871834328054319e+03 2.089011630946247897e+04 1.584170089393068156e+04 -1.952554122179325077e+03 8.597256937282441868e+03 -1.638475070743505785e+04 -8.059765818165259589e+03 -1.298772907014132397e+04 -1.836656871966172184e+04 0.000000000000000000e+00
8.883587959494925599e+03 2.099808419653664168e+04 1.575307002331231888e+04 -1.994140459012940937e+03 8.501426554292369474e+03 -1.640819717474621939e+04 -8.130756477375541181e+03 -1.288229868285908378e+04 -1.849084042872972714e+04 0.000000000000000000e+00
9.044868642461584386e+03 1.566471022590087705e+04 -2.036462998027788217e+03 8.406233847095898454e+03 -1.643143999651798003e+04 -8.202450941714769215e+03 -1.277726798014761516e+04 -1.861427603966406605e+04 0.000000000000000000e+00 0.000000000000000000e+00
9.205699344419519548e+03 1.557663144690559238e+04 -2.079527079381613476e+03 8.311684624810659443e+03 -1.645446702054773777e+04 -8.274847388806343588e+03 -1.267264729841484041e+04 -1.873686328854119347e+04 0.000000000000000000e+00 0.000000000000000000e+00
9.366065589115109105e+03 1.548884352627946464e+04 -2.123337898517635494e+03 8.217784541512042779e+03 -1.647726607845095714e+04 -8.347943835414647765e+03 -1.256844685355628098e+04 -1.885859001152575365e+04 0.000000000000000000e+00 0.000000000000000000e+00
9.525952965202184714e+03 1.540135619713824417e+04 -2.167900505061118565e+03 8.124539095532668398e+03 -1.649982498792035040e+04 -8.421738137558773815e+03 -1.246467673934937739e+04 -1.897944414687841345e+04 0.000000000000000000e+00 0.000000000000000000e+00
9.685347128580338904e+03 1.531417908419873856e+04 -2.213219801739558079e+03 8.031953628791380652e+03 -1.652213155499004279e+04 -8.496227990654399036e+03 -1.236134692586974234e+04 -1.909941373694747745e+04 0.000000000000000000e+00 0.000000000000000000e+00
1.522732170223677349e+04 -2.259300543326665320e+03 7.940033326151915389e+03 -1.654417357630437982e+04 -8.571410929683865106e+03 -1.225846725792954385e+04 -1.921848693014377568e+04 0.000000000000000000e+00 0.000000000000000000e+00 0.000000000000000000e+00
1.514079345456502779e+04 -2.306147335610321988e+03 -2.627873327229288043e+04 7.848783214811302969e+03 -8.647284329394371525e+03 -1.215604745353838916e+04 -1.933665198289872205e+04 0.000000000000000000e+00 0.000000000000000000e+00 0.000000000000000000e+00
1.505460363153107028e+04 -1.919638243517313458e+04 -2.353764634384664532e+03 -2.625186007736975444e+04 7.758208163718002652e+03 -8.723845404524354308e+03 -1.205409710238682601e+04 -1.945389726160485225e+04 0.000000000000000000e+00 0.000000000000000000e+00
1.496876140903572559e+04 -1.918131374690651137e+04 -2.402156744466466535e+03 -2.622363356840883716e+04 7.668312883019894798e+03 -8.801091210057968055e+03 -1.130072389339227266e+04 -1.195262566435283952e+04 -1.957021124453868106e+04 0.000000000000000000e+00
-1.916555856027327900e+04 -2.451327818731135267e+03 -2.619405505460181303e+04 7.579101923539911695e+03 -8.879018641513996045e+03 -1.133231559257022673e+04 -1.185164246803405331e+04 -1.968558252376370365e+04 0.000000000000000000e+00 0.000000000000000000e+00
-1.914912785966634328e+04 -2.501281857183023931e+03 -2.616312601888868085e+04 7.490579676286066388e+03 -8.957624435250178067e+03 -1.136304214394042720e+04 -1.175115670929835323e+04 -1.979999980701837194e+04 0.000000000000000000e+00 0.000000000000000000e+00
-1.913203269178986375e+04 -2.552022706060686232e+03 -2.613084811797930888e+04 7.402750371996207832e+03 -9.036905168782295732e+03 -1.139291119984709258e+04 -1.165117744985300487e+04 -1.991345191958897703e+04 -1.916668477910715228e+04 0.000000000000000000e+00
-1.911428416362578355e+04 -2.603554056927443071e+03 -2.609722318235892089e+04 7.315618080694297532e+03 -9.116857261182916773e+03 -1.142193053675361261e+04 -1.155171361585806699e+04 -2.002592780614881485e+04 -1.912534280939478049e+04 0.000000000000000000e+00
-1.909589344039342541e+04 -2.655879445821180525e+03 -2.606225321625297511e+04 7.229186711292624750e+03 -9.197476973463562899e+03 -1.145010805366517707e+04 -1.145277399654643159e+04 -2.013741653259034865e+04 -1.908371707889773461e+04 0.000000000000000000e+00
-3.326758380305426726e+03 -1.907687174350159694e+04 -2.709002252419774777e+03 -2.602594039756566053e+04 7.143460011219568514e+03 -9.278760408997221020e+03 -1.147745177053062616e+04 -1.135436724287314428e+04 -2.024790728783375016e+04 -1.904181958507258241e+04
-3.387596148511567208e+03 -1.905723034849384567e+04 -2.762925699231881481e+03 -2.598828707778905300e+04 7.058441566077420248e+03 -9.360703513968743209e+03 -1.150396982662514893e+04 -1.125650186618938096e+04 -2.035738938561533723e+04 -1.899966231467728721e+04
-3.447555771373723474e+03 -1.903698058298705655e+04 -2.817652850813225541e+03 -2.594929578188258165e+04 6.974134799330282476e+03 -9.443302077853015362e+03 -1.152967047891406037e+04 -1.115918623694132293e+04 -2.046585226625528594e+04 -1.895725724163377527e+04
-3.506640677279146530e+03 -1.901613382460383582e+04 -2.873186613008501809e+03 -2.590896920812271128e+04 6.890542972021939931e+03 -9.526551733920812694e+03 -1.155456210039789403e+04 -2.057328549840433698e+04 -1.891461632489375188e+04 0.000000000000000000e+00
-3.564854449115619445e+03 -1.899470149889902314e+04 -2.929529732219066773e+03 -2.586731022792306248e+04 6.807669182523890413e+03 -9.610447959772358445e+03 -1.157865317843918456e+04 -2.067967878076923807e+04 -1.887175150630803182e+04 0.000000000000000000e+00
-3.622200823398279681e+03 -1.897269507728059762e+04 -2.986684794696493555e+03 -2.582432188562443480e+04 6.725516366313318031e+03 -9.694986077898402073e+03 -1.160195231307117501e+04 -2.078502194381650406e+04 -1.882867470849991878e+04 0.000000000000000000e+00
-3.678683689370626325e+03 -1.895012607492538154e+04 -3.044654225862153908e+03 -2.578000739825505661e+04 -9.780161256268829675e+03 -1.162446821528869077e+04 -2.088930495145410532e+04 -1.878539783274268484e+04 0.000000000000000000e+00 0.000000000000000000e+00
-3.734307088079908681e+03 -1.892700604868988012e+04 -3.103440289652930005e+03 -2.573437015526078540e+04 -9.865968508948679300e+03 -1.164620970532161482e+04 -2.099251790269096819e+04 -1.874193275684195032e+04 0.000000000000000000e+00 0.000000000000000000e+00
-3.789075211427017621e+03 -1.890334659501657734e+04 -3.163045087893180153e+03 -2.568741371820522545e+04 -9.952402696741470209e+03 -1.166718571089107536e+04 -2.109465103327365796e+04 -1.869829133302283299e+04 0.000000000000000000e+00 0.000000000000000000e+00
-3.842992401191055251e+03 -1.887915934783599732e+04 -3.223470559693065752e+03 -2.563914182043970868e+04 -1.003945852785975148e+04 -1.168740526544876593e+04 -2.119569471730017904e+04 -1.865448538582258334e+04 0.000000000000000000e+00 0.000000000000000000e+00
-3.896063148023310987e+03 -1.885445597646474198e+04 -3.284718480876122612e+03 -2.558955836674146485e+04 -1.012713055861589783e+04 -1.170687750640050035e+04 -2.129563946881423180e+04 -1.861052670999431211e+04 0.000000000000000000e+00 0.000000000000000000e+00
-3.948292090427150470e+03 -1.882924818350045462e+04 -3.346790463427872965e+03 -2.035074098978027178e+04 -2.553866743292492538e+04 -1.172561167331178149e+04 -2.139447594336826296e+04 -1.856642706840599567e+04 0.000000000000000000e+00 0.000000000000000000e+00
-3.999684013724565830e+03 -1.880354770271405505e+04 -3.409687954965350855e+03 -2.548647326542636438e+04 -1.174361710609571855e+04 -2.149219493955478902e+04 -1.852219818993486842e+04 0.000000000000000000e+00 0.000000000000000000e+00 0.000000000000000000e+00
-4.050243848953497036e+03 -1.707161923528389525e+04 -1.877736629693732903e+04 -3.473412238255946704e+03 -2.543298028084428734e+04 -1.176090324319184947e+04 -2.158878740054412992e+04 -1.847785176741203759e+04 0.000000000000000000e+00 0.000000000000000000e+00
-4.099976671779162643e+03 -1.714671984034928755e+04 -1.875071575594958267e+04 -2.537819306546154621e+04 -1.177747961972386838e+04 -2.168424441557116006e+04 -1.843339945553678263e+04 0.000000000000000000e+00 0.000000000000000000e+00 0.000000000000000000e+00
-4.148887701370344075e+03 -1.722201279469070505e+04 5.797222252103895698e+03 -1.872360789436176492e+04 -2.055803524716044922e+04 -1.179335586564387268e+04 -2.177855722140467333e+04 -1.838885286880878630e+04 0.000000000000000000e+00 0.000000000000000000e+00
-4.196982299251604672e+03 -1.729748737140376033e+04 5.648433909913740536e+03 -1.869605454949867635e+04 -2.060893658205437532e+04 -1.180854170386184705e+04 -2.187171720379151884e+04 -1.834422357946824559e+04 0.000000000000000000e+00 0.000000000000000000e+00
-4.244265968131648151e+03 -1.737313275054285259e+04 5.499935352910878464e+03 -1.866806757927985745e+04 -2.065944544562410010e+04 -1.182304694836068666e+04 -2.196371589887547452e+04 -1.829952311544420081e+04 0.000000000000000000e+00 0.000000000000000000e+00
-4.290744350707987905e+03 -1.744893802092304395e+04 5.351738883393220021e+03 -1.863965886009918540e+04 -2.070955005902439007e+04 -1.183688150229707026e+04 -1.825476295831127572e+04 0.000000000000000000e+00 0.000000000000000000e+00 0.000000000000000000e+00
1.021317079347454091e+04 -4.336423228448169539e+03 -1.752489218193970737e+04 5.203856725725906472e+03 -1.861084028470379417e+04 -2.075923865305518484e+04 -1.185005535608852733e+04 -1.820995454125541073e+04 0.000000000000000000e+00 0.000000000000000000e+00
1.005608742143922609e+04 -4.381308520347703961e+03 -1.760098414540522572e+04 5.056301024352286731e+03 -1.858162376007247076e+04 -2.080849947028659881e+04 -1.186257858548701552e+04 -1.816510924704876015e+04 0.000000000000000000e+00 0.000000000000000000e+00
9.898529430253836836e+03 -4.425406281664982089e+03 -1.767720273740292760e+04 4.909083841820213820e+03 -1.855202120529401145e+04 -2.085732076718286044e+04 -1.187446134963924305e+04 -1.812023840603417557e+04 0.000000000000000000e+00 0.000000000000000000e+00
9.740511358585205016e+03 -4.468722702633329391e+03 -1.775353670015753596e+04 4.762217156823978257e+03 -1.852204454944572717e+04 -2.090569081622481463e+04 -1.188571388913424380e+04 -1.807535329411949351e+04 0.000000000000000000e+00 0.000000000000000000e+00
9.582047799677495277e+03 -4.511264107150446762e+03 -1.782997469392207495e+04 4.615712862262364069e+03 -1.849170572947253459e+04 -2.095359790803047508e+04 -1.189634652403831751e+04 -1.803046513078222779e+04 0.000000000000000000e+00 0.000000000000000000e+00
9.423153399004429957e+03 -4.553036951445449631e+03 -1.790650529888079836e+04 4.469582763313182113e+03 -1.846101668806696034e+04 -2.100103035347340847e+04 -1.190636965191780109e+04 -1.798558507708464094e+04 0.000000000000000000e+00 0.000000000000000000e+00
9.263842851914498169e+03 -4.594047822730887674e+03 -1.798311701706913664e+04 4.323838575526320710e+03 -1.842998937155219028e+04 -2.104797648579848828e+04 -1.191579374584927609e+04 -1.794072423369356329e+04 0.000000000000000000e+00 0.000000000000000000e+00
9.104130901266560613e+03 -4.634303437818529346e+03 -1.805979827430654041e+04 4.178491922930844339e+03 -1.839863572776301226e+04 1.796573028868910478e+04 -2.109442466273456012e+04 7.699094628404417563e+03 -1.789589363892398251e+04 0.000000000000000000e+00
8.944032335056288503e+03 -4.673810641698537438e+03 -1.813653742214170779e+04 4.033554336156395038e+03 -1.836696770392487088e+04 1.790554714272682395e+04 -2.114036326860379995e+04 7.632056939254729514e+03 -1.785110426680764795e+04 0.000000000000000000e+00
8.783561984043857592e+03 -4.712576406155318182e+03 -1.821332273982299012e+04 3.889037250585827678e+03 -1.833499724455001706e+04 1.784547062291151815e+04 -2.118578071642721989e+04 7.564124139067752367e+03 -1.780636702512161719e+04 0.000000000000000000e+00
8.622734719368525475e+03 -4.750607828312001402e+03 -1.829014243627431279e+04 3.744952004514951568e+03 -1.830273628932340580e+04 1.778551204250720548e+04 -2.123066545002605199e+04 7.495293988423947667e+03 -1.776169275347386065e+04 0.000000000000000000e+00
8.461565450159267129e+03 -1.836698465208763810e+04 3.601309837334266831e+03 -1.827019677099508772e+04 1.772568263407198174e+04 -2.127500594611857377e+04 7.425564394559502034e+03 -1.771709222138873884e+04 0.000000000000000000e+00 0.000000000000000000e+00
8.300069121140029893e+03 -1.844383746152924141e+04 3.458121887729910668e+03 -1.823739061327578383e+04 1.766599354761849827e+04 -2.131879071641198607e+04 7.354933411937980054e+03 -3.230956497614483851e+03 -1.767257612640548541e+04 0.000000000000000000e+00
8.138260710230107179e+03 -1.852068887455942968e+04 3.315399191904195504e+03 1.760645584878939189e+04 -2.136200830968907758e+04 7.283399242796925137e+03 -3.067925619402721168e+03 -1.762815509218984153e+04 0.000000000000000000e+00 0.000000000000000000e+00
7.976155226139929255e+03 -1.859752683886529121e+04 3.173152681816060976e+03 1.754708051704790341e+04 -2.140464731388907239e+04 7.210960237669249182e+03 -2.904948043876891006e+03 1.842468413579269327e+04 -1.758383966665919434e+04 0.000000000000000000e+00
7.813767705962868604e+03 -1.867433924190622929e+04 3.031393183441851761e+03 1.748787844388402300e+04 -2.144669635818250754e+04 7.137614895879446522e+03 -2.742037985088772984e+03 1.848937732571343804e+04 -1.753964032012156895e+04 0.000000000000000000e+00
7.651113212763393676e+03 -1.875111391297186856e+04 2.890131415056747301e+03 1.742886043103627890e+04 -2.148814411503971132e+04 7.063361866014514817e+03 -2.579209631708813959e+03 1.855410005601106241e+04 -1.749556744342880847e+04 0.000000000000000000e+00
7.488206833162089424e+03 -1.882783862525203222e+04 2.749377985537220411e+03 1.737003718872954414e+04 -2.152897930229234771e+04 6.988199946369541067e+03 -2.416477144820166814e+03 1.861884045308509667e+04 -1.745163134614416776e+04 0.000000000000000000e+00
7.325063674917949356e+03 -1.890450109791838258e+04 2.609143392684832634e+03 1.731141933392912324e+04 -2.156919068518790300e+04 -2.253854655719199400e+03 1.868358657801877052e+04 -1.740784225472475373e+04 0.000000000000000000e+00 0.000000000000000000e+00
7.161698864508369297e+03 -1.898108899821743034e+04 2.469438021571770150e+03 -9.068181016731994532e+03 1.725301738861120975e+04 -2.091356263722785116e+03 1.874832642848134856e+04 0.000000000000000000e+00 0.000000000000000000e+00 0.000000000000000000e+00
6.998127544707340348e+03 -1.905758994357445408e+04 2.330272142908399474e+03 -9.021368071192800926e+03 1.275514610112297851e+04 1.113367442233948395e+03 1.719484177805015861e+04 -1.928996033982809422e+03 1.881304794064287125e+04 0.000000000000000000e+00
6.834364872158003891e+03 -1.913399150370638745e+04 -8.973608198790674578e+03 1.276994944123199821e+04 1.151361897123953440e+03 1.713690282912479597e+04 -1.766787995307932761e+03 1.887773899110274215e+04 0.000000000000000000e+00 0.000000000000000000e+00
6.670426014952726291e+03 -1.921028120274839603e+04 -8.924895786343926375e+03 1.278407176337469537e+04 1.188797159427220095e+03 1.707921076863774215e+04 1.757106534123409801e+04 -1.604746137993962293e+03 1.894238739882681693e+04 0.000000000000000000e+00
2.520214893932402629e+04 -8.875225374645646298e+03 1.279752295539694387e+04 1.225680792646367081e+03 1.702177572164794401e+04 -1.442884411663261517e+03 1.900698092709289267e+04 0.000000000000000000e+00 0.000000000000000000e+00 0.000000000000000000e+00
-8.824591659761470510e+03 1.281031299003569438e+04 1.262020457926613972e+03 1.696460770983769908e+04 -1.281216723110171188e+03 1.907150728546070241e+04 0.000000000000000000e+00 0.000000000000000000e+00 0.000000000000000000e+00 0.000000000000000000e+00
2.527274041307823791e+04 -8.772989494259109051e+03 1.282245192297121139e+04 1.297823912446665418e+03 1.690771664988309931e+04 1.745401699064010609e+04 -1.119756934157855767e+03 1.913595413174173518e+04 0.000000000000000000e+00 0.000000000000000000e+00
2.530597159906035813e+04 -8.720413888421964657e+03 1.283394989084982080e+04 1.333099007793154215e+03 1.685111235184669204e+04 1.741471656613018422e+04 -9.585188595239311553e+02 1.920030907398301133e+04 2.600038740643228812e+04 0.000000000000000000e+00
1.742403385975291894e+04 2.533782516068841142e+04 -8.666860011435033812e+03 1.284481710929395558e+04 1.367853688320709580e+03 1.679480451758850904e+04 1.737529458891973991e+04 -7.975162646959369113e+02 1.926455967246148430e+04 2.596458792226375954e+04
1.753482070778765046e+04 2.536830038088893343e+04 -8.612323192542940888e+03 1.285506387089998498e+04 1.402095989497949404e+03 1.673880273919579122e+04 1.733576337200605849e+04 -6.367628638169875330e+02 1.932869344168885800e+04 2.592749661746609127e+04
1.764446744459392721e+04 2.539739672321762191e+04 -8.556798922179754300e+03 1.286470054322387841e+04 1.435834036239678198e+03 1.668311649743139787e+04 1.729613519336815807e+04 -4.762723175819803032e+02 2.588911820795948370e+04 0.000000000000000000e+00
1.775296710337986588e+04 5.516073159447708349e+03 2.542511383185221712e+04 -8.500282853070460988e+03 1.287373756675547156e+04 1.469076041225610425e+03 1.662775516020143914e+04 1.725642229366500032e+04 -3.160582311447151938e+02 2.584945757184217291e+04
1.786031288483220123e+04 5.623657144625661203e+03 2.545145153155497974e+04 -8.442770801303784538e+03 1.288218545288129644e+04 1.501830303205891823e+03 1.657272798104199319e+04 1.721663687394040608e+04 -1.561341520362906579e+02 2.580851974856688685e+04
1.796649815794462484e+04 5.731909157934870564e+03 2.547640982760512634e+04 -8.384258747376219617e+03 1.289005478183662490e+04 1.534105205293747986e+03 1.651804409762551950e+04 1.717679109333523957e+04 3.486431904882099975e+00 2.576630993809029678e+04
1.807151646081498620e+04 5.840822596432013597e+03 2.549998890570102230e+04 -8.324742837206966215e+03 1.289735620064690193e+04 1.565909213245533010e+03 1.646371253028678984e+04 1.713689706680731615e+04 1.627900945910778887e+02 2.572283349999515849e+04
