4.615944036106309795e+03
4.267795917262473267e+03
3.900627825912262779e+03
3.516073651438565776e+03
3.115846568581450811e+03
2.701730506752089241e+03
2.275571898344438068e+03
1.839271480090807927e+03
1.394775247956719113e+03
9.440653502617816457e+02
4.891509068330501577e+02
3.205860059344171731e+01
-4.251767570365403230e+02
-8.805216569208843111e+02
-1.331953289999389199e+03
-1.777468869400308677e+03
-2.215094816354216618e+03
-2.642895762765934251e+03
-3.058983309203585577e+03
-3.461524468213256114e+03
-3.848749764236335523e+03
-4.218960945807842108e+03
-4.570538261273146418e+03
-4.901947268599497875e+03
-5.211745177399378917e+03
-5.498586748745810837e+03
-5.761229772383192540e+03
-5.998540015120842327e+03
-6.209495560622817720e+03
-6.393190657325094435e+03
-6.548839039016775132e+03
-6.675776861466911214e+03
-6.773465114194653324e+03
-6.841491450089699356e+03
-6.879571724918582731e+03
-6.887550843881961555e+03
-6.865402959260720309e+03
-6.813231476307654702e+03
-6.731268560856595286e+03
-6.619874124750083865e+03
-6.479534457686088899e+03
-6.310860286423447178e+03
-6.114584298286754347e+03
-5.891558290314948863e+03
-5.642749853708221963e+03
-5.369238618214802955e+03
-5.072212020164440219e+03
-4.752960527985009321e+03
-4.412872420632050307e+03
-4.053428119435824556e+03
-3.676194109403118091e+03
-3.282816457947350500e+03
-2.875013934342904577e+03
-2.454570764836116268e+03
-2.023329018916256928e+03
-1.583180654107386772e+03
-1.136059245166371966e+03
-6.839314404604691617e+02
-2.287882264281715550e+02
2.273639365281629807e+02
6.825121027161102347e+02
1.134645907168065833e+03
1.581766661662100205e+03
2.021896409832473864e+03
2.453086866931322220e+03
2.873428247968919550e+03
3.281057916892729736e+03
3.674168785889147784e+03
4.051017455647556289e+03
4.409932037900012801e+03
4.749319638052838854e+03
5.067673545497796113e+03
5.363580013359162876e+03
5.635724481063592975e+03
5.882897390726032427e+03
6.103999488114849555e+03
6.298046579059909163e+03
6.464173810887288710e+03
6.601639487717940028e+03
6.709828278105491336e+03
6.788253890226039402e+03
6.836561304657335313e+03
6.854528489532025560e+03
6.842067546783227044e+03
6.799225180777244532e+03
6.726182694301752235e+03
6.623255374463671615e+03
6.490891173319238987e+03
6.329668914933860833e+03
6.140295996642274986e+03
5.923605588235405776e+03
5.680553222566939439e+03
5.412212808966775810e+03
5.119772030870013623e+03
4.804527085845488728e+03
4.467876978213427719e+03
4.111317447535878273e+03
3.736434343757485749e+03
3.344896731654910582e+03
2.938449296731833329e+03
2.518903982178064325e+03
2.088131561802335000e+03
1.648053223075158940e+03
1.200631786213988562e+03
7.478623340685860512e+02
2.917627134758005809e+02
-1.656357640132392817e+02
-6.222977119975398637e+02
-1.076193103787370319e+03
-1.525306686858458761e+03
-1.967647268689217753e+03
-2.401256808162453126e+03
-2.824219334904851166e+03
-3.234669561576982233e+03
-3.630801153043302747e+03
-4.010874556267832304e+03
-4.373224517560265667e+03
-4.716267277008897508e+03
-5.038507225471533275e+03
-5.338543044538478171e+03
-5.615073420054458438e+03
-5.866902221232078773e+03
-6.092943210690652450e+03
-6.292224141023438278e+03
-6.463890342079166658e+03
-6.607207963083987124e+03
-6.721566757779430191e+03
-6.806482174598124402e+03
-6.861597005097295551e+03
-6.886682666070195410e+03
-6.881639816529715972e+03
-6.846498422799771106e+03
-6.781417618728622983e+03
-6.686684907079110417e+03
-6.562714982510275149e+03
-6.410048106822648151e+03
-6.229347876557314521e+03
-6.021398676887219153e+03
-5.787102670058002332e+03
-5.527476318329701826e+03
-5.243646427929473248e+03
-4.936845601684912253e+03
-4.608407247732511678e+03
-4.259760206807628492e+03
-3.892422941324457497e+03
-3.507997291517652684e+03
-3.108161790659546114e+03
-2.694664576846143518e+03
-2.269315941572081556e+03
-1.833980575006680965e+03
-1.390569480070850886e+03
-9.410316190492252417e+02
-4.873453696455826503e+02
-3.150972245041802822e+01
4.244646861497897703e+02
8.785646419122417683e+02
1.328783482863861991e+03
1.773130170652533025e+03
2.209638287964839037e+03
2.636374973125984980e+03
3.051449638920038069e+03
3.453022512711698255e+03
3.839313002671466165e+03
4.208607764503912222e+03
4.559268369430505118e+03
4.889738528273645898e+03
5.198551008877123422e+03
5.484334146930710631e+03
5.745817919311258265e+03
5.981839604288590635e+03
6.191348892697315023e+03
6.373412656135965335e+03
6.527219099986346919e+03
6.652081164737910512e+03
6.747439326572877690e+03
6.812864058448434662e+03
6.848057839157561830e+03
6.852856656276084323e+03
6.827230872345027819e+03
6.771285464490729282e+03
6.685259791316549126e+03
6.569526743405194793e+03
6.424591230355918015e+03
6.251088141077086220e+03
6.049779831953319444e+03
5.821552978324528340e+03
5.567414830578941292e+03
5.288488976314710271e+03
4.986010549561200605e+03
4.661320944718960163e+03
4.315861910855051974e+03
3.951169344933282446e+03
3.568866378320976310e+03
3.170655558259109966e+03
2.758311422711517935e+03
2.333672404400037067e+03
1.898632314017732824e+03
1.455131536196909792e+03
1.005147964685703073e+03
5.506877031529758142e+02
