9.310750501358157635e+03 1.763075385303897565e+04 2.055860601800384029e+04 -4.089231101193311133e+03 3.917678655482935028e+03 2.172601324692976777e+04 2.186979329294470153e+04 1.332379831883479892e+04 2.134880696726963652e+04 0.000000000000000000e+00
1.751731379458728043e+04 2.062482167974720505e+04 -4.275049056183825087e+03 4.096719296169493646e+03 2.174036100108555183e+04 2.185040428009187235e+04 1.347898465354475775e+04 2.132593303688336891e+04 0.000000000000000000e+00 0.000000000000000000e+00
1.740253285636345026e+04 2.068945866257937450e+04 -4.460539681591283625e+03 4.275447189380744021e+03 2.175302517406178595e+04 2.182933179946433665e+04 1.363316925218701908e+04 2.130142599817377049e+04 0.000000000000000000e+00 0.000000000000000000e+00
1.728641939768270095e+04 2.075251218917123333e+04 -4.645688788512477913e+03 4.453848548873098480e+03 2.180657774270869777e+04 1.378634109279972108e+04 2.127528757379707531e+04 0.000000000000000000e+00 0.000000000000000000e+00 0.000000000000000000e+00
-5.241117548226924555e+03 1.716898188528327228e+04 2.081397760427610046e+04 -4.830482215308383275e+03 4.631909601338063112e+03 1.393848923585582088e+04 2.124751961162975203e+04 0.000000000000000000e+00 0.000000000000000000e+00 0.000000000000000000e+00
-5.053000510721353749e+03 1.705022889281408425e+04 2.087385037503192507e+04 -5.014905828684143671e+03 4.809616587478416477e+03 1.408960282486200413e+04 2.121812408467473870e+04 0.000000000000000000e+00 0.000000000000000000e+00 0.000000000000000000e+00
-4.864490509674899840e+03 1.693016910031253065e+04 2.093212609125386371e+04 -5.198945524766570088e+03 4.986955763087001287e+03 -1.367094064542013803e+04 1.423967108695033858e+04 2.118710309095805496e+04 0.000000000000000000e+00 0.000000000000000000e+00
-4.675602139033531785e+03 1.680881129367288668e+04 2.098880046571820640e+04 -5.382587230178089158e+03 5.163913400133247706e+03 -9.497902253961077804e+03 -1.381590248809865989e+04 1.438868333346931286e+04 2.115445885341252142e+04 0.000000000000000000e+00
-4.486350027707466325e+03 1.668616436410447568e+04 2.104386933443497037e+04 -5.565816903109854138e+03 5.340475787841825877e+03 -9.323358596229802060e+03 -1.395976513388056082e+04 1.453662896055412966e+04 2.112019371975828835e+04 0.000000000000000000e+00
-4.296748838396171777e+03 1.656223730757969315e+04 2.109732865690936524e+04 -5.748620534394058268e+03 5.516629233762988406e+03 -9.148093047430214938e+03 -1.410251709570329513e+04 1.468349744967559309e+04 2.108431016238085795e+04 0.000000000000000000e+00
-4.106813266423492678e+03 1.643703922427401631e+04 2.114917451640011859e+04 -5.930984148565760734e+03 5.692360064887093358e+03 -8.972119411024223155e+03 -1.424414697739983603e+04 1.482927836823682264e+04 2.104681077817222103e+04 0.000000000000000000e+00
-3.916558038555746407e+03 1.631057931799479411e+04 2.119940312016267853e+04 -6.112893804928379723e+03 5.867654628725205839e+03 -8.795451536783739357e+03 -1.438464347472010195e+04 1.497396137011534847e+04 2.100769828838571266e+04 0.000000000000000000e+00
-3.725997911819046294e+03 1.618286689560072773e+04 2.124801079968432532e+04 -6.294335598614292394e+03 6.042499294401965926e+03 -8.618103319620702678e+03 -1.452399537634331682e+04 1.511753619621125108e+04 2.096697553847466042e+04 0.000000000000000000e+00
-3.535147672312429677e+03 1.605391136641157027e+04 -6.475295661642363484e+03 6.216880453750485685e+03 -8.440088698416180705e+03 -1.466219156488123554e+04 1.525999267498822337e+04 2.092464549792134130e+04 0.000000000000000000e+00 0.000000000000000000e+00
-3.344022134016913697e+03 1.592372224160821861e+04 -6.655760163972338887e+03 6.390784522409190686e+03 -8.261421654848860271e+03 -1.479922101787210340e+04 1.540132072300750406e+04 2.088071126005629412e+04 0.000000000000000000e+00 0.000000000000000000e+00
-3.152636137600545680e+03 -2.050490240406450539e+04 1.579230913362290266e+04 -6.835715314555908662e+03 6.564197940920495967e+03 -8.082116212222817012e+03 -1.493507280876518598e+04 1.554151034545467883e+04 2.083517604186790413e+04 0.000000000000000000e+00
-2.961004549219604542e+03 -2.043903778767868425e+04 1.565968175551983586e+04 -7.015147362384529515e+03 6.737107175831270069e+03 -7.902186434294871106e+03 -1.506973610789586201e+04 1.568055163665946748e+04 0.000000000000000000e+00 0.000000000000000000e+00
-2.769142259316035052e+03 -2.037161061548294674e+04 1.552584992036600852e+04 -7.194042597533782100e+03 6.909498720794941619e+03 -7.721646424101523735e+03 -1.520320018345100289e+04 0.000000000000000000e+00 0.000000000000000000e+00 0.000000000000000000e+00
-2.577064181411233676e+03 -2.030262596728327844e+04 1.539082354059240060e+04 -7.372387352204288618e+03 7.081359097675142038e+03 -7.540510322785683456e+03 -1.633007338731709569e+04 -1.543140742351365589e+04 -1.533545440242463337e+04 0.000000000000000000e+00
-2.384785250896307389e+03 -2.023208904219360193e+04 1.525461262734540105e+04 -7.550168001759034269e+03 7.252674857650882586e+03 -7.358792308423196118e+03 -1.619821081568446243e+04 -1.530381096419733694e+04 -1.546648823156372600e+04 0.000000000000000000e+00
-2.192320423818900508e+03 -2.016000515826432820e+04 -2.178447523655773693e+04 1.511722728982861190e+04 -7.727370965757088015e+03 7.423432582323029237e+03 -7.176506594849368412e+03 -1.606512613534112279e+04 -1.517502195197700530e+04 -1.559629123830398385e+04
-1.999684675666725980e+03 -2.008637975210193326e+04 -2.180660192317656038e+04 1.497867773463493359e+04 -7.903982708983575321e+03 7.593618884822065411e+03 -6.993667430485577825e+03 -1.593082913428496977e+04 -1.504505055045722474e+04 -1.572485309169550237e+04
-1.806893000145806809e+03 -2.001121837847354254e+04 -2.182705296324904702e+04 -8.079989742477729123e+03 7.763220410911672843e+03 -6.810289097166091778e+03 -1.579532969475465870e+04 -1.491390701472188266e+04 -1.585216356331914722e+04 0.000000000000000000e+00
-1.613960407959825488e+03 -1.993452670991420746e+04 -2.184582676104194252e+04 -8.255378624553392001e+03 -6.626385908965136878e+03 -1.565863779259771582e+04 -1.478160169045365001e+04 -1.597821252819078109e+04 0.000000000000000000e+00 0.000000000000000000e+00
-1.420901925590894962e+03 -1.985631053633765623e+04 -2.186292185003680788e+04 -8.430135961811778543e+03 -1.902543136098061223e+04 -6.441972211024398348e+03 -1.552076349663525798e+04 -1.464814501304288569e+04 -1.610298996565333618e+04 -2.118140706673687237e+04
-1.227732594060423025e+03 -1.977657576458955009e+04 -2.187833689305916050e+04 -8.604248410165093446e+03 -1.892422716430835499e+04 -6.257062378381091548e+03 -1.538171696800325844e+04 -1.451354750670290196e+04 -1.622648596026528503e+04 -2.122463012085829178e+04
-1.034467467701973646e+03 -1.969532841803351766e+04 -2.189207068238594729e+04 -8.777702675843276666e+03 -1.882158770538325189e+04 -6.071670814796636478e+03 -1.524150845950004259e+04 -1.437781978356666514e+04 -1.634869070267247662e+04 -2.126623602156067864e+04
-8.411216129273891511e+02 -1.961257463611648927e+04 -2.190412213984614209e+04 -8.950485516400121924e+03 -1.871752052458552134e+04 -5.885811951586035320e+03 -1.510014831492236954e+04 -1.424097254277981119e+04 -1.646959449047083399e+04 -2.130622121772443279e+04
-6.477101069904397264e+02 -1.952832067392507452e+04 -2.191449031691113851e+04 -9.122583741715186989e+03 -1.861203327215343597e+04 -5.699500246448130383e+03 -1.495764696839409953e+04 -1.410301656958693820e+04 -1.658918772905824153e+04 -2.134458227948398780e+04
-1.944257290173306683e+04 -2.192317439477506196e+04 -9.293984214991445697e+03 -1.850513370769558969e+04 -5.512750182296800631e+03 -1.481401494368731255e+04 -1.396396273441115954e+04 -1.670746093247549652e+04 -2.138131589860020176e+04 0.000000000000000000e+00
-1.753863918790041134e+04 -1.935533780453993313e+04 -2.193017368442495717e+04 -9.464673853748454349e+03 -1.839682969969438273e+04 -5.325576266093185950e+03 -1.466926285353603089e+04 -1.382382199192709959e+04 -1.682440472423606479e+04 -2.141641888882432613e+04
-1.764604076422460275e+04 -1.926662198160057960e+04 -2.193548762670065844e+04 -9.634639630811154348e+03 -1.828712922500127024e+04 -5.137993027679107399e+03 -1.452340139894246568e+04 -1.368260538012741927e+04 -1.694000983814485517e+04 -2.144988818625366912e+04
-1.775201727822700923e+04 -1.917643214594612436e+04 -2.193911579234474630e+04 -9.803868575294120092e+03 -1.817604036832336351e+04 -4.950015018611693449e+03 -1.437644136847582377e+04 -1.354032401938291150e+04 -1.705426711910555605e+04 -2.148172084967869887e+04
-1.785655992123261967e+04 -1.908477512389596086e+04 -2.194105788204201599e+04 -9.972347773581201182e+03 -1.806357132170163823e+04 -4.761656810999408663e+03 -1.422839363756375315e+04 -1.339698911149635751e+04 -1.716716752391681803e+04 -2.151191406092157195e+04
-1.795966000345505017e+04 -1.899165785456101730e+04 -2.194131372644910516e+04 -1.014006437030051893e+04 -1.794973038398066637e+04 -1.407926916777637598e+04 -1.325261193875021490e+04 -1.727870212205677672e+04 -2.154046512516619623e+04 0.000000000000000000e+00
-1.806130895488815077e+04 -1.889708738933817222e+04 -2.193988328621361870e+04 -1.030700556929468985e+04 -1.783452596026985702e+04 -1.392907900610290926e+04 -1.310720386294815580e+04 -1.738886209645624331e+04 -2.174366663285209142e+04 -2.156737147127951903e+04
-1.816149832618547225e+04 -1.880107089139604432e+04 -2.193676665198327464e+04 -1.047315863458627427e+04 -1.771796656139627521e+04 -1.377783428422098223e+04 -1.296077632445071322e+04 -1.749763874426008624e+04 -2.170998370863881428e+04 -2.159263065212413494e+04
-1.826021978952486097e+04 -1.870361563515735543e+04 -2.193196404440281549e+04 -1.063851089133715686e+04 -1.760006080334271974e+04 -1.362554621775978922e+04 -1.281334084120441730e+04 -1.760502347757527605e+04 -2.167466249400204470e+04 -2.161624034486353048e+04
-1.835746513946568666e+04 -1.860472900576196844e+04 -2.192547581410464409e+04 -1.748081740668996281e+04 -1.266490900776637318e+04 -1.771100782421059193e+04 -2.163770538659140220e+04 -2.163819835125567988e+04 0.000000000000000000e+00 0.000000000000000000e+00
-1.845322629379891441e+04 -1.850441849851037841e+04 -2.191730244169361322e+04 -1.736024519606407557e+04 -1.231289874254396273e+04 -1.251549249432446595e+04 -1.781558342840847035e+04 -2.159911490649639018e+04 -2.165850259793509758e+04 -5.849001031093174788e+03
-1.854749529436327430e+04 -1.840269171834156441e+04 -2.190744453770508335e+04 -1.723835309952329408e+04 -1.215626099270983104e+04 -1.236510304570702647e+04 -1.791874205154981610e+04 -2.155889369615499891e+04 -2.167715113669677521e+04 -5.666245678596433208e+03
-1.864026430786671699e+04 -1.829955637926525742e+04 -2.189590284256708037e+04 -1.711515014798138873e+04 -1.199868576943835433e+04 -1.221375248039135658e+04 -1.802047557285974835e+04 -2.151704452024147758e+04 -2.169414214476180496e+04 -5.483058547539797473e+03
-1.873152562668980681e+04 -1.819502030379595089e+04 -2.188267822654815245e+04 -1.699064547461003167e+04 -1.184018546122353837e+04 -1.812077599009761980e+04 -2.147357026554898039e+04 -2.170947392503648007e+04 -5.299453615221580549e+03 0.000000000000000000e+00
-1.882127166967578887e+04 -1.808909142237855121e+04 -2.186777168969510603e+04 -1.686484831423284777e+04 -1.168077252202720774e+04 -2.142847394086380154e+04 -8.135149331704521501e+03 -2.172314490636230403e+04 -5.115444889431441879e+03 0.000000000000000000e+00
-1.890949498290754491e+04 -1.798177777280550799e+04 -2.185118436176059186e+04 -1.673776800271116008e+04 -1.152045947023170629e+04 -1.175405335276685582e+04 -2.138175867683101023e+04 -8.309938926680833902e+03 -2.173515364375699210e+04 -4.931046407393188019e+03
-1.899618824047087764e+04 -1.787308749962546790e+04 -2.183291750212041006e+04 -1.660941397632136068e+04 -1.135925888758942165e+04 -1.159897794336962943e+04 -2.133342772581159443e+04 -8.484098303970684356e+03 -2.174549881864598865e+04 -4.746272234705750634e+03
-1.908134424520448010e+04 -1.776302885354366663e+04 -1.647979577112404877e+04 -1.119718341816924112e+04 -2.128348446173097182e+04 -8.657614238136546192e+03 -1.468977930822071539e+04 -2.175417923908495868e+04 -4.561136464282432826e+03 0.000000000000000000e+00
-1.916495592943594238e+04 -1.634892302232488328e+04 -1.103424576730006629e+04 -2.123193237991904971e+04 -8.830473551349163245e+03 -1.483411736546589054e+04 -2.176119383997278419e+04 -4.375653215288473803e+03 0.000000000000000000e+00 0.000000000000000000e+00
-1.924701635570418875e+04 -1.753883997262196135e+04 -1.621680546362711902e+04 -1.087045870051142992e+04 -2.117877509694147375e+04 -9.002663114363604109e+03 -1.497732053650505986e+04 -2.176654168325531282e+04 -4.189836632077014656e+03 0.000000000000000000e+00
-1.932751871746779580e+04 -1.608345292657605933e+04 -1.070583504247139535e+04 -2.112401635042251655e+04 -9.174169847492112240e+03 -1.511937788170394742e+04 -2.177022195811956772e+04 -4.003700883123568929e+03 0.000000000000000000e+00 0.000000000000000000e+00
-1.940645633979932245e+04 -1.594887533989513031e+04 -1.054038767592178920e+04 -2.106765999885914425e+04 -9.344980721573590927e+03 -1.526027854929195200e+04 -2.177223398117855686e+04 -3.817260159959023895e+03 0.000000000000000000e+00 0.000000000000000000e+00
-1.581308272881388075e+04 -1.037412954061089476e+04 1.300651985617531864e+04 -2.100971002142648285e+04 -9.515082758939770429e+03 -1.540001177618379188e+04 -2.177257719664647084e+04 -3.630528676101298515e+03 0.000000000000000000e+00 0.000000000000000000e+00
-1.567608521439556353e+04 -1.020707363222269487e+04 1.285456847391271913e+04 -2.095017051777342203e+04 -9.684463034374464769e+03 -1.553856688879770263e+04 -2.177125117650326501e+04 -3.443520665984748575e+03 0.000000000000000000e+00 0.000000000000000000e+00
-1.553789301284102476e+04 -1.003923300130580719e+04 1.270167680932056282e+04 -2.088904570781201983e+04 -9.853108676076242773e+03 -1.567593330385985610e+04 -2.176825562065172562e+04 -3.256250383890278044e+03 0.000000000000000000e+00 0.000000000000000000e+00
1.856317223702323099e+04 -1.539851643476827667e+04 -9.870620752202343283e+03 1.254785558897349256e+04 -2.082633993150094466e+04 -1.002100686662492626e+04 -1.581210052919478585e+04 -2.176359035706744544e+04 -3.068732102876359022e+03 0.000000000000000000e+00
-1.525796588454728771e+04 -9.701250041966270146e+03 1.239311561505364261e+04 -2.076205764860973431e+04 -1.018814484391593578e+04 -1.594705816453647276e+04 -2.175725534192953273e+04 -2.880980113701095888e+03 0.000000000000000000e+00 0.000000000000000000e+00
1.876028397345699341e+04 -9.531134079286990527e+03 2.117808065585615623e+04 1.223746776480973676e+04 -2.069620343848338234e+04 -1.035450990211552744e+04 -1.608079590230851863e+04 -2.174925065974977770e+04 -2.693008723750120225e+03 0.000000000000000000e+00
1.885670893681360758e+04 -9.360286123408908679e+03 2.118769348330713910e+04 1.208092299001289030e+04 -2.062878199979563942e+04 -1.052008939260537045e+04 -1.621330352840377600e+04 -2.173957652348956981e+04 -2.504832255961670398e+03 0.000000000000000000e+00
1.895170337949680834e+04 -9.188719483049229893e+03 2.119566683499743522e+04 1.192349231640578728e+04 -2.055979815029358360e+04 -1.068487072492331026e+04 -1.634457092295687653e+04 -2.172823327466703631e+04 -2.316465047750837584e+03 0.000000000000000000e+00
1.904525999635997141e+04 -9.016447515314019256e+03 2.120199996961248326e+04 1.176518684314528400e+04 -2.048925682653350668e+04 -1.084884136770027726e+04 -1.647458806110954538e+04 -2.171522138345424537e+04 -2.127921449933081476e+03 0.000000000000000000e+00
1.913737158928075223e+04 -8.843483624612603307e+03 2.120669227391795357e+04 1.160601774223826760e+04 -1.101198884959319548e+04 -1.660334501376847402e+04 -2.170054144876437203e+04 -1.939215825647049087e+03 0.000000000000000000e+00 0.000000000000000000e+00
1.922803106772067622e+04 -8.669841261570511051e+03 2.120974326284681592e+04 1.144599625797089357e+04 -1.117430076021393324e+04 -1.673083194835601535e+04 -2.168419419832893254e+04 -1.750362549276818072e+03 0.000000000000000000e+00 0.000000000000000000e+00
1.931723144927738031e+04 -8.495533921940941582e+03 2.121115257957588619e+04 1.128513370633100749e+04 -1.133576475105417012e+04 -1.685703912955330452e+04 -1.561376005373600947e+03 0.000000000000000000e+00 0.000000000000000000e+00 0.000000000000000000e+00
1.940496586022951669e+04 -8.320575145514900214e+03 2.121091999559179385e+04 1.112344147442381291e+04 1.047901093034162477e+04 -1.149636853640610207e+04 -1.698195692003609656e+04 -1.372270587577027527e+03 0.000000000000000000e+00 0.000000000000000000e+00
1.949122753607431878e+04 -8.144978515030175004e+03 2.101617905189435623e+04 2.120904541074629014e+04 1.096093101988072522e+04 -1.165609989427900837e+04 -1.710557578120291510e+04 -1.183060697536041516e+03 0.000000000000000000e+00 0.000000000000000000e+00
1.957600982205759283e+04 -7.968757655079085453e+03 2.099982090964192685e+04 2.120552885330104255e+04 1.079761387026137163e+04 -1.722788627389575049e+04 -9.937607438295183329e+02 0.000000000000000000e+00 0.000000000000000000e+00 0.000000000000000000e+00
1.965930617369637912e+04 -7.791926231015260782e+03 2.098182085844952235e+04 2.120037047996168258e+04 1.063350162244865714e+04 -1.734887905911310736e+04 -8.043851408866629527e+02 0.000000000000000000e+00 0.000000000000000000e+00 0.000000000000000000e+00
2.137127609692424812e+04 -7.614497947860857494e+03 2.096218069177633879e+04 2.119357057590174372e+04 1.046860594203488472e+04 1.113084241524829667e+04 -6.149483079089455941e+02 0.000000000000000000e+00 0.000000000000000000e+00 0.000000000000000000e+00
2.132714530348745393e+04 1.982141545046053579e+04 -7.436486549210148041e+03 2.094090233298090243e+04 2.118512955477505602e+04 1.030293856270503784e+04 1.129164879758283314e+04 1.691320368855883862e+04 -4.254646677886303792e+02 0.000000000000000000e+00
2.128139283995023288e+04 1.990021584257028735e+04 -7.257905816129505183e+03 2.091798783505189203e+04 2.117504795871680471e+04 1.013651128561750556e+04 1.145156924400199750e+04 1.678984890995255410e+04 -2.359486460238157406e+02 0.000000000000000000e+00
2.123402232124496004e+04 1.997750523530287683e+04 -7.078769566067948290e+03 2.089343938029659694e+04 2.116332645833686911e+04 9.969335978760624130e+03 1.161059120776645068e+04 1.666521486488040682e+04 -4.641466964721229971e+01 0.000000000000000000e+00
2.118503748376685689e+04 2.005327764310517523e+04 -6.899091651757475120e+03 2.086725928004528760e+04 2.114996585269988282e+04 9.801424576316961975e+03 1.176870221436905558e+04 1.653931125053006326e+04 1.431228338566766070e+02 0.000000000000000000e+00
2.113444218505605750e+04 2.012752719367143072e+04 -6.718885960115611852e+03 2.083944997433705430e+04 2.113496706929534776e+04 9.632789078016330677e+03 1.192588986258339173e+04 1.641214785720830332e+04 3.326494376308385768e+02 0.000000000000000000e+00
2.108224040347125992e+04 2.020024812841230960e+04 2.081001403159476831e+04 2.111833116399705614e+04 9.463441548481710925e+03 1.208214182550552869e+04 1.628373456754880681e+04 5.221507165247131752e+02 0.000000000000000000e+00 0.000000000000000000e+00
2.102843623785489763e+04 2.027143480291618107e+04 2.077895414828923094e+04 2.110005932101175131e+04 9.293394116567997116e+03 1.223744585158894188e+04 1.615408135571411185e+04 7.116122481727614968e+02 0.000000000000000000e+00 0.000000000000000000e+00
2.097303390718977607e+04 2.034108168740249312e+04 1.822436253198525446e+04 2.074627314859247417e+04 2.108015285281711112e+04 9.122658974693558775e+03 1.239178976567235986e+04 1.602319828659189443e+04 9.010196140725687428e+02 0.000000000000000000e+00
2.091603775024748029e+04 2.040918336716730482e+04 1.811856322542821363e+04 2.071197398402055114e+04 2.105861320008901748e+04 8.951248378164609676e+03 1.254516147000057572e+04 1.589109551498554538e+04 1.090358400662404165e+03 0.000000000000000000e+00
2.085745222522831318e+04 2.047573454302085156e+04 1.801136503259365054e+04 2.067605973306552914e+04 2.103544193161805015e+04 8.779174644492339212e+03 1.269754894523802795e+04 1.575778328479917946e+04 1.279614200398159710e+03 0.000000000000000000e+00
2.079728190939289925e+04 2.054073003171717573e+04 1.790277632252949115e+04 2.063853360081713981e+04 2.101064074421532132e+04 8.606450152702740525e+03 1.284894025147509092e+04 1.562327192821714925e+04 1.468772612829602167e+03 0.000000000000000000e+00
2.073553149868560286e+04 2.060416476637568485e+04 1.779280557134294577e+04 2.059939891857382463e+04 2.098421146260753812e+04 8.433087342639202689e+03 1.299932352922692007e+04 1.548757186487812396e+04 0.000000000000000000e+00 0.000000000000000000e+00
2.067220580734955729e+04 2.066603379689470603e+04 1.768146136150312668e+04 2.055865914344344856e+04 2.095615603932132944e+04 8.259098714257732354e+03 1.314868700042479759e+04 1.535069360104373118e+04 2.181031755340787277e+04 0.000000000000000000e+00
2.060730976753355935e+04 2.072633229035694603e+04 1.756875238113534579e+04 2.051631785793375821e+04 2.092647655455685526e+04 8.084496826914865778e+03 1.329701896939983999e+04 1.521264772876200004e+04 2.185808809983036917e+04 0.000000000000000000e+00
2.054084842889614811e+04 2.078505553142415374e+04 1.745468742329909946e+04 2.047237876953531668e+04 2.089517521605087677e+04 7.909294298650783276e+03 1.344430782386441933e+04 1.507344492501744389e+04 2.190427396084416250e+04 0.000000000000000000e+00
2.047282695819076253e+04 2.084219892272892321e+04 1.733927538527404977e+04 2.042684571028876599e+04 2.086225435892874157e+04 1.359054203587492702e+04 1.493309595089212416e+04 2.194887204634001682e+04 0.000000000000000000e+00 0.000000000000000000e+00
2.040325063883173061e+04 2.089775798526393555e+04 1.722252526785475493e+04 2.037972263633645343e+04 2.082771644554533486e+04 1.373571016277534909e+04 1.479161165073850498e+04 2.199187937586713088e+04 1.413332427543174708e+04 0.000000000000000000e+00
2.033212487049568517e+04 2.095172835874111479e+04 1.710444617457158529e+04 2.033101362748619067e+04 2.079156406531662651e+04 1.387980084817683564e+04 1.464900295128153994e+04 2.203329307872767095e+04 1.399072806648237747e+04 0.000000000000000000e+00
2.025945516867740298e+04 2.100410580196135561e+04 1.698504731096042815e+04 2.028072288674609445e+04 2.075379993453935094e+04 1.402280282289119350e+04 1.450528086077251828e+04 2.207311039408516808e+04 1.384705253791252653e+04 0.000000000000000000e+00
2.018524716424819053e+04 2.105488619317061602e+04 1.686433798380856751e+04 2.022885473985479257e+04 2.071442689620031524e+04 1.416470490586684537e+04 2.211132867106263802e+04 1.370230869640368473e+04 0.000000000000000000e+00 0.000000000000000000e+00
1.050997588012727829e+04 2.010950660300633899e+04 2.110406553040770086e+04 1.674232760039275308e+04 2.017541363480204745e+04 2.067344791977502973e+04 1.430549600511641984e+04 2.214794536883572800e+04 1.355650763325679145e+04 0.000000000000000000e+00
1.067924507985274249e+04 2.003223934521965930e+04 2.115163993184364153e+04 1.661902566770959675e+04 2.012040414133968807e+04 2.063086610101569386e+04 1.444516511863604319e+04 2.218295805672102506e+04 1.340966052354211570e+04 0.000000000000000000e+00
1.084767602699307099e+04 1.995345136516009006e+04 2.119760563611261387e+04 1.649444179169816562e+04 2.006383095048293399e+04 2.058668466172837725e+04 1.458370133531601277e+04 2.221636441425927478e+04 1.326177862524179181e+04 0.000000000000000000e+00
1.101525547034255578e+04 1.987314875063057843e+04 2.124195900263449221e+04 1.636858567645514086e+04 2.000569887400227890e+04 2.054090694953969069e+04 1.472109383584301031e+04 2.224816223129391074e+04 1.311287327838515739e+04 0.000000000000000000e+00
1.118197022626983198e+04 1.979133770248408109e+04 1.624146712344231128e+04 1.994601284390598812e+04 1.485733189359355674e+04 2.227834940804455255e+04 1.296295590417688072e+04 0.000000000000000000e+00 0.000000000000000000e+00 0.000000000000000000e+00
1.134780717983794239e+04 2.708987260492327550e+03 1.753633716648886548e+04 1.611309603068675278e+04 1.988477791191327560e+04 1.499240487551873775e+04 2.230692395517569457e+04 1.281203800411797602e+04 0.000000000000000000e+00 0.000000000000000000e+00
1.151275328591841753e+04 2.518553386941039207e+03 1.763219782734997352e+04 1.598348239197358453e+04 1.982199924891825140e+04 2.233388399386054880e+04 1.266013115911979367e+04 0.000000000000000000e+00 0.000000000000000000e+00 0.000000000000000000e+00
1.167679557029904026e+04 2.327921460447420031e+03 1.772666108381190861e+04 1.585263629603142363e+04 1.975768214444473779e+04 7.048212602378112933e+03 -3.430027347634403668e+03 2.235922775584010014e+04 1.250724702861102742e+04 0.000000000000000000e+00
1.183992113078538569e+04 2.137106431374599197e+03 1.781971899517739803e+04 1.572056792571065125e+04 1.969183200609204505e+04 7.231064294461501959e+03 -3.238593846775777820e+03 2.238295358347720321e+04 1.235339734963776391e+04 0.000000000000000000e+00
1.200211713831643647e+04 1.946123271579130005e+03 1.791136373093706425e+04 1.558728755716326486e+04 1.962445435896956042e+04 7.413372135168889145e+03 -3.046911512355403829e+03 2.240505992980769588e+04 1.219859393595767506e+04 0.000000000000000000e+00
1.216337083803257883e+04 1.754986973153210783e+03 1.800158757159303059e+04 1.545280555899824139e+04 1.955555484512690600e+04 7.595122579110957304e+03 -2.854995014063759299e+03 2.242554535858330564e+04 1.204284867712560663e+04 0.000000000000000000e+00
1.232366955029392011e+04 1.563712547160974736e+03 1.809038290946927373e+04 1.531713239141191661e+04 1.948513922298028410e+04 7.776302130086346551e+03 -2.662859046908329219e+03 2.244440854430663239e+04 1.188617353757073943e+04 0.000000000000000000e+00
1.248300067185943954e+04 1.372315022378358435e+03 1.817774224952915392e+04 1.518027860538205823e+04 1.941321336671131940e+04 7.956897342011357978e+03 -2.470518330064760448e+03 2.246164827227424757e+04 1.172858055567411975e+04 0.000000000000000000e+00
1.264135167691472634e+04 1.180809444022776688e+03 1.826365821016934206e+04 1.504225484179425803e+04 1.933978326567351178e+04 8.136894819806457235e+03 -2.277987605763085867e+03 2.247726343860397174e+04 1.157008184283363153e+04 0.000000000000000000e+00
1.279871011813322912e+04 9.892108724809710338e+02 1.490307183057864313e+04 1.926485502378562160e+04 8.316281220287653923e+03 -2.085281638158886835e+03 2.249125305026040587e+04 1.141068958252416633e+04 0.000000000000000000e+00 0.000000000000000000e+00
1.295506362773040019e+04 7.975343820333731628e+02 1.476274038983995160e+04 1.918843485891660748e+04 8.495043253052272121e+03 -1.892415212200500491e+03 2.250361622507584980e+04 1.125041602935137962e+04 0.000000000000000000e+00 0.000000000000000000e+00
1.311039991851057857e+04 -1.789869974089624156e+04 6.057950595751273113e+02 1.462127142498104877e+04 1.911052910226237145e+04 8.673167681359020207e+03 -1.699403132492315990e+03 2.251435219176651663e+04 1.108927350809920972e+04 0.000000000000000000e+00
-1.778674212536077903e+04 4.140080033338857106e+02 1.447867592781993335e+04 8.850641323002355421e+03 -1.506260222154280655e+03 2.252346028994397057e+04 1.092727441277103208e+04 0.000000000000000000e+00 0.000000000000000000e+00 0.000000000000000000e+00
-1.767341727675182119e+04 2.221883215845356006e+02 1.433496497570038809e+04 9.027451051181124058e+03 -1.313001321677690839e+03 2.253093997012189357e+04 1.076443120562478362e+04 0.000000000000000000e+00 0.000000000000000000e+00 0.000000000000000000e+00
-2.116978386255216901e+04 -1.755873391572233595e+04 3.035113136099311149e+01 -1.954812889827707841e+04 1.419014973059621479e+04 9.203583795361448210e+03 -1.119641287777351408e+03 2.253679079371826811e+04 1.060075641620189344e+04 0.000000000000000000e+00
-2.115131465727923205e+04 -1.744270086759417245e+04 -1.614884428347999972e+02 -1.962903659448701728e+04 1.404424143820936843e+04 9.379026542133820840e+03 -9.261949922402038737e+02 2.254101243305275784e+04 1.043626264035027089e+04 0.000000000000000000e+00
-2.113113637132217264e+04 -1.732532706167004289e+04 -3.533152703265326977e+02 -1.970844674315584416e+04 1.389725142706176484e+04 9.553766336064440111e+03 -7.326773207705003870e+02 2.254360467133949351e+04 1.027096253924133998e+04 0.000000000000000000e+00
-2.110925091647071531e+04 -1.720662153053746079e+04 -5.451142155596877501e+02 -1.978635331858625796e+04 1.374919110758118222e+04 9.727790280540661115e+03 -5.391031718316269234e+02 1.010486883838125686e+04 0.000000000000000000e+00 0.000000000000000000e+00
-2.108566034901277453e+04 -1.708659340936442095e+04 -7.368701394000720484e+02 -1.986275040957507736e+04 1.360007197118101067e+04 9.901085538610663207e+03 -3.454874554846637693e+02 9.937994326616311810e+03 0.000000000000000000e+00 0.000000000000000000e+00
-2.106036686944785470e+04 -1.696525193518959350e+04 -9.285679004321644925e+02 -1.993763221984660777e+04 1.344990558932723798e+04 1.007363933381093921e+04 -1.518450922292977907e+02 9.770351855132701530e+03 0.000000000000000000e+00 0.000000000000000000e+00
-2.103337282218362816e+04 -1.684260644619957020e+04 -1.120192356264346699e+03 -2.001099306848054039e+04 1.329870361261349899e+04 1.024543895100045847e+04 4.180898816938280049e+01 -2.122690113180843400e+04 9.601954336450668052e+03 0.000000000000000000e+00
-2.100468069521606958e+04 -1.671866638099334887e+04 -1.311728364841098028e+03 -2.008282739033491089e+04 1.314647776984508346e+04 1.041647173720218780e+04 2.354598478686435499e+02 -2.121127452823306157e+04 9.432814743413222459e+03 0.000000000000000000e+00
-2.097429311979859995e+04 -1.659344127785825549e+04 -1.503160785737350807e+03 -2.015312973644675731e+04 1.299323986706017240e+04 1.058672510238723953e+04 4.290925420936627575e+02 -2.119398091492308959e+04 9.262946108169233412e+03 0.000000000000000000e+00
-2.094221287009214575e+04 -1.646694077402140829e+04 -1.694474481471401305e+03 -2.022189477443584474e+04 1.075618652029741315e+04 6.226921203247435415e+02 -2.117502206635311450e+04 9.092361521151360648e+03 0.000000000000000000e+00 0.000000000000000000e+00
-2.090844286280103188e+04 -1.633917460489800760e+04 -1.885654318814557882e+03 -2.028911728889638471e+04 -4.740944973085186575e+03 1.092484352924938139e+04 8.162436274763131223e+02 -2.115439989021714064e+04 8.921074130048627921e+03 0.000000000000000000e+00
-2.087298615679371869e+04 -1.621015260333202423e+04 -2.076685170102124175e+03 -2.035479218178007068e+04 -4.550921773745188148e+03 1.109268373293284640e+04 1.009732105078511381e+03 -2.113211642713531910e+04 0.000000000000000000e+00 0.000000000000000000e+00
-2.083584595270857608e+04 -1.607988469882924983e+04 -2.267551914545574618e+03 -2.041891447277033876e+04 -4.360547396770288287e+03 1.203142592461265394e+03 -2.110817385034886320e+04 -2.167029623137248927e+04 0.000000000000000000e+00 0.000000000000000000e+00
-2.079702559254463631e+04 -1.594838091678268029e+04 -2.458239439545755431e+03 -2.048147929964788636e+04 -4.169836472203216545e+03 1.396460127940756593e+03 -2.108257446540316232e+04 -2.170928539503855427e+04 0.000000000000000000e+00 0.000000000000000000e+00
-2.075652855923752577e+04 -1.581565137769053581e+04 -2.648732642006982132e+03 -2.054248191864740875e+04 -3.978803661539167479e+03 1.589669750008173196e+03 -2.105532070981939250e+04 -1.335682220123713341e+04 -2.174661485090771748e+04 0.000000000000000000e+00
-2.071435847622067013e+04 -1.568170629636671401e+04 -2.839016429651855105e+03 -2.060191770480550258e+04 -3.787463656587243349e+03 1.782756498520653167e+03 -2.102641515275446727e+04 -1.320302614009163335e+04 -2.178228175157026635e+04 0.000000000000000000e+00
-2.067051910697173662e+04 -1.554655598114392888e+04 -3.029075722336671333e+03 -2.065978215229975467e+04 -3.595831178327805446e+03 1.975705415894300359e+03 -2.099586049464959069e+04 -1.304821682238503126e+04 -2.181628337644835119e+04 0.000000000000000000e+00
-2.062501435454465900e+04 -1.541021083306954824e+04 -3.218895453367249957e+03 -2.071607087477902314e+04 -3.403920975765812727e+03 -2.096365956686728896e+04 -1.289240591886175935e+04 -2.184861713200023223e+04 0.000000000000000000e+00 0.000000000000000000e+00
-2.057784826108707784e+04 -1.527268134509412266e+04 -3.408460570815035226e+03 -2.077077960568476192e+04 -3.211747824780225073e+03 -2.092981533131727338e+04 -1.273560518225998021e+04 -1.931222506243793759e+04 -2.187928055191501699e+04 0.000000000000000000e+00
-2.052902500734349451e+04 -1.513397810125275464e+04 -3.597756038833312687e+03 -2.082390419856349035e+04 -2.089433088007089100e+04 -1.257782644646972767e+04 -1.939722800981047112e+04 -2.190827129729778972e+04 0.000000000000000000e+00 0.000000000000000000e+00
-2.047854891214363670e+04 -1.499411177583721474e+04 -3.786766838979193381e+03 -2.087544062737162312e+04 -2.085720943496394466e+04 -1.241908162568359512e+04 -1.948075342100663329e+04 -2.193558715684329945e+04 -1.706612008125103966e+04 0.000000000000000000e+00
-2.042642443187773461e+04 -1.485309313256527275e+04 -3.975477971523811902e+03 -2.092538498676885501e+04 -2.081845434718955221e+04 -1.225938271353880009e+04 -1.956279482008636478e+04 -2.196122604700384909e+04 -1.694640449683181942e+04 0.000000000000000000e+00
-2.037265615995897315e+04 -1.471093302374781342e+04 -4.163874456750083482e+03 -2.097373349240019525e+04 -2.077806909688159067e+04 -1.209874178225087235e+04 -1.964334584255927257e+04 -2.198518601215156741e+04 -1.682536730295136658e+04 0.000000000000000000e+00
-2.031724882626751059e+04 -1.456764238943094824e+04 -2.102048248117876210e+04 -2.073605729268169307e+04 -1.193717098174249259e+04 -1.972240023587764153e+04 -2.200746522471553908e+04 -1.670301769691145091e+04 0.000000000000000000e+00 0.000000000000000000e+00
-2.026020729658465279e+04 -1.442323225654683847e+04 -2.106562841155116257e+04 -1.404348854303897861e+04 -2.069242267130022810e+04 -1.177468253876217022e+04 -1.979995185994642816e+04 -2.202806198532274357e+04 -1.657936498367198146e+04 0.000000000000000000e+00
-2.020153657201220267e+04 -1.427771373805338226e+04 -2.110916786375627635e+04 -1.419192865879549026e+04 -2.064716909706502338e+04 -1.161128875599604908e+04 -1.987599468761830576e+04 -2.204697472292556631e+04 -1.645441857516281016e+04 0.000000000000000000e+00
-2.014124178837821455e+04 -2.115109754007501760e+04 -1.433931450572520953e+04 -2.060030056145975323e+04 -1.144700201117208599e+04 -1.995052280518073894e+04 -2.206420199491970197e+04 -1.632818798958519437e+04 0.000000000000000000e+00 0.000000000000000000e+00
-2.007932821562948084e+04 -2.119141426507104916e+04 -1.448563508931193974e+04 -2.055182118265147801e+04 -1.128183475615684438e+04 -2.002353041283503626e+04 -2.207974248725237339e+04 -1.620068285070278944e+04 0.000000000000000000e+00 0.000000000000000000e+00
-2.001580125721050717e+04 -2.123011498582250351e+04 -1.463087949079446298e+04 -2.050173520500790255e+04 -1.111579951604470261e+04 -2.009501182516726840e+04 -2.209359501452094628e+04 -1.607191288712218375e+04 0.000000000000000000e+00 0.000000000000000000e+00
-1.995066644942948915e+04 -2.126719677214457624e+04 -1.477503686791707150e+04 -2.045004699860421897e+04 -1.094890888823978639e+04 -2.016496147161116460e+04 -2.210575852006185232e+04 -1.594188793156324209e+04 0.000000000000000000e+00 0.000000000000000000e+00
-1.988392946081110858e+04 -2.130265681680314810e+04 -1.491809645567580810e+04 -2.039676105871968321e+04 -1.078117554153048150e+04 -2.023337389690276541e+04 -2.211623207602986804e+04 -1.581061792011903526e+04 0.000000000000000000e+00 0.000000000000000000e+00
-2.133649243571921761e+04 -1.506004756706053377e+04 -2.034188200532395786e+04 -1.061261221515671241e+04 -2.030024376152685727e+04 -2.212501488346767292e+04 -1.567811289150561424e+04 0.000000000000000000e+00 0.000000000000000000e+00 0.000000000000000000e+00
-2.136870106816436964e+04 -1.520087959379275344e+04 -2.636035422830465450e+03 -2.028541458255345424e+04 -2.036556584215531620e+04 -2.213210627236589426e+04 -1.554438298630154350e+04 0.000000000000000000e+00 0.000000000000000000e+00 0.000000000000000000e+00
-2.139928027694702541e+04 5.995159729190813778e+03 -1.534058200705913441e+04 -2.822901586149831928e+03 -2.022736365817761180e+04 -2.042933503207690956e+04 -2.213750570171319123e+04 -1.540943844617732975e+04 0.000000000000000000e+00 0.000000000000000000e+00
-2.142822774858959747e+04 6.177411488598959295e+03 -1.547914435824069187e+04 -3.009550138945453909e+03 -2.016773422305530767e+04 -2.049154634161899230e+04 5.238102413504423566e+03 -2.214121275953691656e+04 -1.527328961311474632e+04 0.000000000000000000e+00
6.359198593643510321e+03 -1.561655627963793268e+04 -3.195966542147706150e+03 -2.010653139058102170e+04 -2.055219489856389555e+04 5.051699818963058533e+03 -2.214322716293645135e+04 -1.513594692861222029e+04 0.000000000000000000e+00 0.000000000000000000e+00
6.540507469617969946e+03 -1.575280748519103872e+04 -3.382136255943411925e+03 -2.004376039612219392e+04 -2.061127594855057760e+04 4.864916058174658247e+03 -2.214354875810191152e+04 -1.499742093288810247e+04 0.000000000000000000e+00 0.000000000000000000e+00
6.721324582705460671e+03 -1.588788777119531005e+04 -3.568044740964261564e+03 -1.997942659644795640e+04 -2.066878485546134834e+04 4.677765261062587342e+03 -2.214217752031816053e+04 -1.485772226408233837e+04 1.303516242168228746e+04 0.000000000000000000e+00
6.901636440930113167e+03 -1.602178701701385944e+04 -3.753677459420709511e+03 -1.991353546914457911e+04 -2.072471710182563038e+04 4.490261582008685764e+03 -2.213911355397899024e+04 -1.471686165741601326e+04 1.318632965594652705e+04 0.000000000000000000e+00
7.081429595073616838e+03 -1.615449518578431889e+04 -3.939019876293680682e+03 -1.984609261202481503e+04 -2.077906828919320105e+04 4.302419198834202689e+03 -2.213435709257439521e+04 -1.457484994436894704e+04 1.333649413249073950e+04 0.000000000000000000e+00
1.319536310684806995e+04 7.260690639595910397e+03 -1.628600232512144612e+04 -4.124057460517326945e+03 -1.977710374252693509e+04 -2.083183413850499710e+04 4.114252311768782420e+03 -2.212790849867309953e+04 -1.443169805183973949e+04 1.348564442515018345e+04
1.304220548402704662e+04 7.439406213551399560e+03 -1.641629856781518538e+04 -4.308775686167362437e+03 -1.970657469710463556e+04 -2.088301049045532272e+04 3.925775142418769519e+03 -2.211976826389528651e+04 -1.428741700129615310e+04 1.363376918418151399e+04
1.288806056546366381e+04 7.617563001500735481e+03 -1.654537413252415718e+04 -4.493160033654891777e+03 -1.963451143060783215e+04 -2.093259330584549025e+04 3.737001932734853199e+03 -2.210993700887576051e+04 -1.414201790791595522e+04 1.378085713710947493e+04
1.273294004188353938e+04 7.795147734417988431e+03 -1.667321932446448409e+04 -4.677195990925589285e+03 -1.956092001565442115e+04 -2.098057866592867504e+04 3.547946943979145544e+03 -1.399551197971812871e+04 1.392689708956800860e+04 0.000000000000000000e+00
1.257685567648234246e+04 7.972147190593344931e+03 -1.679982453609403092e+04 -4.860869054664200121e+03 -1.948580664199314197e+04 -2.102696277274616295e+04 3.358624455691733147e+03 -1.384791051668473483e+04 1.407187792613574129e+04 0.000000000000000000e+00
1.241981930406073297e+04 8.148548196531153735e+03 -1.692518024779184998e+04 -5.044164731504186420e+03 -1.940917761585771950e+04 -2.107174194945474665e+04 3.169048764656790809e+03 -1.369922490987335732e+04 1.421578861116580629e+04 0.000000000000000000e+00
1.226184283015442998e+04 8.324337627843344308e+03 -1.704927702853305527e+04 -5.227068539242480256e+03 -2.111491264064547067e+04 2.979234183868284617e+03 -1.354946664052019514e+04 1.435861818960993878e+04 0.000000000000000000e+00 0.000000000000000000e+00
1.210293823015955240e+04 8.499502410138205960e+03 -1.717210553655878175e+04 -5.409566008059194246e+03 -2.115647141265340179e+04 2.789195041495362148e+03 -1.339864727913399656e+04 1.450035578783675010e+04 0.000000000000000000e+00 0.000000000000000000e+00
1.194311754845315954e+04 8.674029519904439439e+03 -1.729365652004144067e+04 -5.591642681742207060e+03 -2.119641495385868620e+04 2.598945679847462543e+03 -1.324677848458076551e+04 1.464099061444420295e+04 0.000000000000000000e+00 0.000000000000000000e+00
1.178239289750912212e+04 8.847905985390481874e+03 -1.741392081774510734e+04 -5.773284118916486477e+03 -2.123474007497861749e+04 2.408500454339229691e+03 -1.309387200315941118e+04 1.478051196106610587e+04 0.000000000000000000e+00 0.000000000000000000e+00
1.162077645701308393e+04 9.021118887475438896e+03 -1.753288935968073929e+04 -5.954475894284929382e+03 -2.127144370934871404e+04 2.217873732461873715e+03 -1.293993966767322127e+04 1.491890920317885866e+04 0.000000000000000000e+00 0.000000000000000000e+00
1.145828047296547447e+04 9.193655360542461494e+03 -1.765055316775709434e+04 1.412358190517882213e+04 -6.135203599859997666e+03 2.027079892741263166e+03 -1.278499339648276873e+04 1.505617180088989699e+04 0.000000000000000000e+00 0.000000000000000000e+00
1.129491725677233990e+04 9.365502593354947749e+03 -1.776690335642773789e+04 -6.315452846185462477e+03 1.836133323682172659e+03 -1.262904519253999570e+04 1.519228929970744321e+04 0.000000000000000000e+00 0.000000000000000000e+00 0.000000000000000000e+00
1.113069918436164699e+04 2.032794930621339154e+04 9.536647829898154669e+03 -1.788193113332969733e+04 -6.495209263618287878e+03 1.645048422766409203e+03 -1.247210714245262352e+04 1.532725133135368196e+04 0.000000000000000000e+00 0.000000000000000000e+00
1.096563869526943745e+04 2.025780472055728751e+04 9.707078370241571974e+03 -6.674458503566526815e+03 1.453839595404619104e+03 -1.231419141550619497e+04 1.546104761452905768e+04 0.000000000000000000e+00 0.000000000000000000e+00 0.000000000000000000e+00
1.079974829172878162e+04 2.018610787903619712e+04 2.055966525400356841e+04 9.876781571389114106e+03 1.355729276752812257e+04 1.262521253901274804e+03 -1.215531026268693495e+04 1.559366795568226917e+04 0.000000000000000000e+00 0.000000000000000000e+00
1.063304053775453940e+04 2.011286410376296408e+04 2.054684477121280361e+04 1.004574484812443370e+04 1.341306226243146739e+04 1.071107816419878191e+03 -1.199547601569620383e+04 1.572510224977406324e+04 0.000000000000000000e+00 0.000000000000000000e+00
1.046552805822386108e+04 2.003807883662440872e+04 2.053237140123884456e+04 1.021395567385121103e+04 1.326779078388956805e+04 8.796137059484427709e+02 -1.183470108595647980e+04 1.585534048103464193e+04 0.000000000000000000e+00 0.000000000000000000e+00
1.029722353795249546e+04 1.996175763891731549e+04 2.051624615734125837e+04 1.038140158142843393e+04 1.312148963253049988e+04 6.880533492653134999e+02 1.598437272371472682e+04 0.000000000000000000e+00 0.000000000000000000e+00 0.000000000000000000e+00
2.030578083836243604e+04 1.012813972076703794e+04 1.988390619097493982e+04 2.049847019229972648e+04 1.054807016400068642e+04 1.297417018935316810e+04 4.964411759053820106e+02 1.611218914283015147e+04 0.000000000000000000e+00 0.000000000000000000e+00
2.037645469499631872e+04 9.958289408573084074e+03 1.980453029178394354e+04 2.047904479835565871e+04 1.071394907582327141e+04 1.282584391480124577e+04 3.047916171267539767e+02 1.623877999490002549e+04 0.000000000000000000e+00 0.000000000000000000e+00
2.044553387353503786e+04 9.787685460419410447e+03 1.972363585859186423e+04 2.045797140713861154e+04 1.087902603308239850e+04 1.267652234783047425e+04 1.131191048779287769e+02 1.636413562867827750e+04 0.000000000000000000e+00 0.000000000000000000e+00
2.051301314358760283e+04 9.616340791558212004e+03 1.964122892650508948e+04 2.043525158957793246e+04 1.104328881471008390e+04 1.252621710496961532e+04 -7.856192923445208010e+01 1.648824648587870979e+04 0.000000000000000000e+00 0.000000000000000000e+00
2.057888740374253030e+04 9.444268372501457634e+03 1.955731564807731775e+04 2.041088705579913949e+04 1.120672526319404096e+04 1.237493987937488600e+04 -2.702370549772296044e+02 1.661110310189333177e+04 0.000000000000000000e+00 0.000000000000000000e+00
2.064315168193458885e+04 9.271481228073411330e+03 1.947190229288859337e+04 2.038487965500538121e+04 1.136932328538231377e+04 1.222270243987818321e+04 -4.618918445216702935e+02 1.673269610650401228e+04 0.000000000000000000e+00 0.000000000000000000e+00
2.070580113580572652e+04 9.097992436452897891e+03 1.938499524711708364e+04 2.035723137534539637e+04 1.153107085328556786e+04 1.206951663003358044e+04 -6.535118734807962255e+02 1.685301622458317797e+04 0.000000000000000000e+00 0.000000000000000000e+00
2.076683105304189667e+04 8.923815128224869113e+03 1.929660101309703168e+04 2.032794434376342178e+04 1.169195600486853982e+04 1.873472725927043575e+04 1.191539436714871408e+04 1.097766765444764860e+04 1.697205427679617787e+04 0.000000000000000000e+00
2.082623685168556040e+04 8.748962485442090838e+03 1.920672620886293589e+04 2.029702082583123411e+04 1.185196684483051467e+04 1.883938913116746335e+04 1.176034764130080657e+04 1.113666013275144724e+04 1.708980118030590893e+04 0.000000000000000000e+00
2.088401408048497251e+04 8.573447740629826512e+03 1.911537756770170017e+04 2.026446322557681196e+04 1.201109154540308919e+04 1.894265865183208734e+04 1.160438851438331039e+04 1.129480671427789275e+04 1.720624794943544111e+04 0.000000000000000000e+00
2.094015841918942169e+04 8.397284175833048721e+03 1.902256193768048979e+04 2.023027408528796514e+04 1.216931834712323507e+04 1.904452837359399564e+04 1.144752911911519914e+04 1.145209553237831460e+04 1.732138569635397653e+04 0.000000000000000000e+00
2.099466567884428878e+04 1.892828628116930486e+04 2.019445608530382015e+04 1.232663555960641679e+04 1.914499095042030967e+04 1.128978165805337812e+04 1.160851478901151313e+04 1.743520563174731069e+04 0.000000000000000000e+00 0.000000000000000000e+00
2.104753180207404148e+04 1.883255767435431699e+04 2.015701204379136834e+04 1.248303156231445064e+04 1.924403913834548439e+04 1.113115840259939250e+04 1.176405275557046480e+04 2.133708516414289261e+04 1.754769906548121071e+04 0.000000000000000000e+00
2.109875286335338387e+04 1.873538330674193639e+04 2.011794491650709460e+04 1.934166579589521643e+04 1.097167169200069657e+04 1.191869777370289921e+04 2.134417963077583408e+04 1.765885740725788492e+04 0.000000000000000000e+00 0.000000000000000000e+00
2.114832506926616406e+04 1.863677048065346025e+04 2.007725779654369035e+04 1.943786388450401500e+04 1.081133393234633877e+04 1.207243825612563342e+04 2.134961707897718952e+04 1.867588145354203516e+04 1.776867216726507831e+04 0.000000000000000000e+00
2.119624475875249118e+04 1.853672661071057883e+04 2.003495391406191266e+04 1.953262646892688281e+04 1.065015759555739351e+04 1.222526268743277615e+04 2.135339737605862319e+04 1.856768123475067841e+04 1.787713495681819040e+04 0.000000000000000000e+00
2.124250840334365785e+04 1.843525922331158290e+04 1.999103663600760410e+04 1.962594671764469240e+04 1.048815521837204869e+04 1.237715962489761114e+04 2.135552051966579165e+04 1.845812886237154453e+04 1.798423748899509883e+04 0.000000000000000000e+00
2.128711260738517740e+04 1.833237595609843629e+04 1.994550946581385870e+04 1.971781790326356713e+04 1.032533940132562202e+04 1.252811769926819579e+04 2.135598663768775441e+04 1.834723197730128595e+04 1.808997157926368163e+04 0.000000000000000000e+00
2.133005410824770661e+04 1.822808455741452781e+04 1.989837604308854861e+04 1.980823340290814667e+04 1.016172280772540762e+04 2.135479598815533609e+04 1.823499831731868107e+04 1.819432914610215448e+04 0.000000000000000000e+00 0.000000000000000000e+00
2.137132977652596674e+04 1.812239288575340834e+04 1.984964014328693520e+04 8.234024624093877719e+03 1.989718669860866066e+04 2.135194895912860011e+04 1.812143571670650272e+04 0.000000000000000000e+00 0.000000000000000000e+00 0.000000000000000000e+00
2.141093661622565924e+04 1.801530890919829471e+04 1.979930567736972444e+04 8.413983605547506158e+03 3.323875654489417570e+02 8.474206722568644182e+03 1.998467137768196335e+04 2.134744606857356484e+04 1.800655210586768590e+04 0.000000000000000000e+00
2.144887176493102743e+04 1.790684070485218035e+04 8.593286634070886066e+03 1.410849067102087986e+02 8.304681174974115493e+03 2.007068113310414992e+04 2.134128796422764572e+04 1.789035551093682079e+04 0.000000000000000000e+00 0.000000000000000000e+00
2.148513249397503751e+04 1.779699645825952757e+04 8.771919657447524514e+03 -5.022853385135485382e+01 8.134527849705364133e+03 2.015520976388168856e+04 1.352081260620595276e+04 2.133347542345508919e+04 1.777285405338442797e+04 0.000000000000000000e+00
-4.548723442830101703e+03 8.949868673598622991e+03 -2.415381290924448763e+02 7.963759772096837878e+03 2.023825117542142107e+04 2.132400935309237320e+04 1.765405594961406678e+04 0.000000000000000000e+00 0.000000000000000000e+00 0.000000000000000000e+00
9.127119731714648879e+03 -4.328292549754420406e+02 7.792390006438914497e+03 2.031979937987527228e+04 2.131289078928006347e+04 1.753396951055991303e+04 0.000000000000000000e+00 0.000000000000000000e+00 0.000000000000000000e+00 0.000000000000000000e+00
-4.171719691202986724e+03 9.303658933441163754e+03 -6.240872916774882242e+02 7.620431654993558368e+03 2.039984849649547687e+04 1.397343630083019707e+04 2.130012089728654973e+04 1.741260314127345919e+04 0.000000000000000000e+00 0.000000000000000000e+00
-3.982730302502481663e+03 9.479472434044724650e+03 -8.152976247012021531e+02 7.447897857002777528e+03 2.047839275197893949e+04 1.412213659153453591e+04 2.128570097132038427e+04 1.728996534050580885e+04 -4.909462675033376399e+03 0.000000000000000000e+00
-1.382047136096674330e+04 -3.793435248137278904e+03 9.654546443574949080e+03 -1.006445645984139901e+03 7.274801787696677820e+03 2.055542648080562503e+04 1.426972998580585954e+04 2.126963243433215030e+04 1.716606470028440890e+04 -5.092977270407498509e+03
-1.367569395456522761e+04 -3.603849063949004631e+03 9.828867228022707422e+03 -1.197516755006915901e+03 7.101156657301143241e+03 2.063094412557084070e+04 1.441620475548409195e+04 2.125191683780582025e+04 1.704090990548393529e+04 -5.276097525877848966e+03
-1.352984134615497896e+04 -3.413986307345317982e+03 1.000242111047416256e+04 -1.388496359899895197e+03 6.926975710045144297e+03 2.070494023731137349e+04 1.456154925882218777e+04 2.123255586153957120e+04 -5.458809267802666000e+03 0.000000000000000000e+00
-1.338292547196844316e+04 -2.061589873482742405e+04 -3.223861556172148539e+03 1.017519447226072043e+04 -1.579369878548391625e+03 6.752272223167879929e+03 2.077740947582559966e+04 1.470575194151093456e+04 2.121155131341631932e+04 -5.641098354858492712e+03
-1.323495834341631780e+04 -2.067308704065974598e+04 -3.033489407584563651e+03 1.034717375410459681e+04 -1.770122739696274721e+03 6.577059505925672056e+03 2.084834660998750405e+04 1.484880133769675376e+04 2.118890512916379885e+04 -5.822950679169758587e+03
-1.308595204593516064e+04 -2.072871440085624999e+04 -2.842884476916387484e+03 1.051834545726005672e+04 -1.960740384047910311e+03 6.401350898598800995e+03 2.091774651805464964e+04 1.499068607099253313e+04 2.116461937210433098e+04 -6.004352167435467891e+03
-1.293591873783180563e+04 -2.078277649931903579e+04 -2.652061396548635912e+03 1.068869614464999358e+04 -2.151208265368356933e+03 6.225159771498251757e+03 2.098560418796994782e+04 1.513139485548115954e+04 2.113869623289441734e+04 -6.185288782052855822e+03
