1.230386000000000000e+09
1.230386060000000000e+09
1.230386120000000000e+09
1.230386180000000000e+09
1.230386240000000000e+09
1.230386300000000000e+09
1.230386360000000000e+09
1.230386420000000000e+09
1.230386480000000000e+09
1.230386540000000000e+09
1.230386600000000000e+09
1.230386660000000000e+09
1.230386720000000000e+09
1.230386780000000000e+09
1.230386840000000000e+09
1.230386900000000000e+09
1.230386960000000000e+09
1.230387020000000000e+09
1.230387080000000000e+09
1.230387140000000000e+09
1.230387200000000000e+09
1.230387260000000000e+09
1.230387320000000000e+09
1.230387380000000000e+09
1.230387440000000000e+09
1.230387500000000000e+09
1.230387560000000000e+09
1.230387620000000000e+09
1.230387680000000000e+09
1.230387740000000000e+09
1.230387800000000000e+09
1.230387860000000000e+09
1.230387920000000000e+09
1.230387980000000000e+09
1.230388040000000000e+09
1.230388100000000000e+09
1.230388160000000000e+09
1.230388220000000000e+09
1.230388280000000000e+09
1.230388340000000000e+09
1.230388400000000000e+09
1.230388460000000000e+09
1.230388520000000000e+09
1.230388580000000000e+09
1.230388640000000000e+09
1.230388700000000000e+09
1.230388760000000000e+09
1.230388820000000000e+09
1.230388880000000000e+09
1.230388940000000000e+09
1.230389000000000000e+09
1.230389060000000000e+09
1.230389120000000000e+09
1.230389180000000000e+09
1.230389240000000000e+09
1.230389300000000000e+09
1.230389360000000000e+09
1.230389420000000000e+09
1.230389480000000000e+09
1.230389540000000000e+09
1.230389600000000000e+09
1.230389660000000000e+09
1.230389720000000000e+09
1.230389780000000000e+09
1.230389840000000000e+09
1.230389900000000000e+09
1.230389960000000000e+09
1.230390020000000000e+09
1.230390080000000000e+09
1.230390140000000000e+09
1.230390200000000000e+09
1.230390260000000000e+09
1.230390320000000000e+09
1.230390380000000000e+09
1.230390440000000000e+09
1.230390500000000000e+09
1.230390560000000000e+09
1.230390620000000000e+09
1.230390680000000000e+09
1.230390740000000000e+09
1.230390800000000000e+09
1.230390860000000000e+09
1.230390920000000000e+09
1.230390980000000000e+09
1.230391040000000000e+09
1.230391100000000000e+09
1.230391160000000000e+09
1.230391220000000000e+09
1.230391280000000000e+09
1.230391340000000000e+09
1.230391400000000000e+09
1.230391460000000000e+09
1.230391520000000000e+09
1.230391580000000000e+09
1.230391640000000000e+09
1.230391700000000000e+09
1.230391760000000000e+09
1.230391820000000000e+09
1.230391880000000000e+09
1.230391940000000000e+09
1.230392000000000000e+09
1.230392060000000000e+09
1.230392120000000000e+09
1.230392180000000000e+09
1.230392240000000000e+09
1.230392300000000000e+09
1.230392360000000000e+09
1.230392420000000000e+09
1.230392480000000000e+09
1.230392540000000000e+09
1.230392600000000000e+09
1.230392660000000000e+09
1.230392720000000000e+09
1.230392780000000000e+09
1.230392840000000000e+09
1.230392900000000000e+09
1.230392960000000000e+09
1.230393020000000000e+09
1.230393080000000000e+09
1.230393140000000000e+09
1.230393200000000000e+09
1.230393260000000000e+09
1.230393320000000000e+09
1.230393380000000000e+09
1.230393440000000000e+09
1.230393500000000000e+09
1.230393560000000000e+09
1.230393620000000000e+09
1.230393680000000000e+09
1.230393740000000000e+09
1.230393800000000000e+09
1.230393860000000000e+09
1.230393920000000000e+09
1.230393980000000000e+09
1.230394040000000000e+09
1.230394100000000000e+09
1.230394160000000000e+09
1.230394220000000000e+09
1.230394280000000000e+09
1.230394340000000000e+09
1.230394400000000000e+09
1.230394460000000000e+09
1.230394520000000000e+09
1.230394580000000000e+09
1.230394640000000000e+09
1.230394700000000000e+09
1.230394760000000000e+09
1.230394820000000000e+09
1.230394880000000000e+09
1.230394940000000000e+09
1.230395000000000000e+09
1.230395060000000000e+09
1.230395120000000000e+09
1.230395180000000000e+09
1.230395240000000000e+09
1.230395300000000000e+09
1.230395360000000000e+09
1.230395420000000000e+09
1.230395480000000000e+09
1.230395540000000000e+09
1.230395600000000000e+09
1.230395660000000000e+09
1.230395720000000000e+09
1.230395780000000000e+09
1.230395840000000000e+09
1.230395900000000000e+09
1.230395960000000000e+09
1.230396020000000000e+09
1.230396080000000000e+09
1.230396140000000000e+09
1.230396200000000000e+09
1.230396260000000000e+09
1.230396320000000000e+09
1.230396380000000000e+09
1.230396440000000000e+09
1.230396500000000000e+09
1.230396560000000000e+09
1.230396620000000000e+09
1.230396680000000000e+09
1.230396740000000000e+09
1.230396800000000000e+09
1.230396860000000000e+09
1.230396920000000000e+09
1.230396980000000000e+09
1.230397040000000000e+09
1.230397100000000000e+09
1.230397160000000000e+09
1.230397220000000000e+09
1.230397280000000000e+09
1.230397340000000000e+09
1.230397400000000000e+09
1.230397460000000000e+09
1.230397520000000000e+09
1.230397580000000000e+09
1.230397640000000000e+09
1.230397700000000000e+09
1.230397760000000000e+09
1.230397820000000000e+09
1.230397880000000000e+09
1.230397940000000000e+09
