1.166218532614237358e+00
1.134557160562554845e+00
1.094377304851193555e+00
1.045688369510658688e+00
9.885632001495615606e-01
9.231275859830438968e-01
8.495588587504006028e-01
7.680937069415920693e-01
6.790237409723564044e-01
5.826934562081668156e-01
4.795005481178114537e-01
3.698927369733746029e-01
2.543652125218795468e-01
1.334587645020858526e-01
7.756822741709868026e-03
-1.221178987022414064e-01
-2.555067717573892838e-01
-3.917191563235466467e-01
-5.300365191517731889e-01
-6.697161663037896062e-01
-8.099952315104920197e-01
-9.500949100104728595e-01
-1.089224889139249086e+00
-1.226587649782898914e+00
-1.361382700844317561e+00
-1.492811144881076357e+00
-1.620079769400172065e+00
-1.742405454444508228e+00
-1.859018906265255344e+00
-1.969169191048248502e+00
-2.072127344060939347e+00
-2.167189870161962073e+00
-2.253682789682014409e+00
-2.330965476024736471e+00
-2.398435554770598443e+00
-2.455531739243870692e+00
-2.501734330987202437e+00
-2.536570422409479164e+00
-2.559617905743595045e+00
-2.570506915303155893e+00
-2.568923657288762818e+00
-2.554613055418676559e+00
-2.527379716678400445e+00
-2.487090942310484110e+00
-2.433678620031630935e+00
-2.367141194453352693e+00
-2.287545442707764831e+00
-2.195027353963646899e+00
-2.089792879039597207e+00
-1.972118038713266186e+00
-1.842348863161648254e+00
-1.700900992857762528e+00
-1.548259034063854456e+00
-1.384975482716396034e+00
-1.211668986025375538e+00
-1.029022372791067008e+00
-8.377799417772620050e-01
-6.387442012316241202e-01
-4.327721483791871493e-01
-2.207715540249360897e-01
-3.696964074513686953e-03
2.174549243113754748e-01
4.416501771607454496e-01
6.678227544841015551e-01
8.948798485947812020e-01
1.121707686675040616e+00
1.347177450308532975e+00
1.570150798550578708e+00
1.789485783025813292e+00
2.004042589342205805e+00
2.212689045440517255e+00
2.414306779226141231e+00
2.607797733488630421e+00
2.792090220025835290e+00
2.966145059914122584e+00
3.128960836737527895e+00
3.279579000736660532e+00
3.417087966745639971e+00
3.540628541756293934e+00
3.649397575746782252e+00
3.742652006063940995e+00
3.819713993781732153e+00
3.879976176368195695e+00
3.922906175582637101e+00
3.948048793868250250e+00
3.955030246280248019e+00
3.943561407084568593e+00
3.913439581464926320e+00
3.864550723306756197e+00
3.796871029907511907e+00
3.710469672105675798e+00
3.605509668669991896e+00
3.482249112552646686e+00
3.341041688862262937e+00
3.182335262788846375e+00
3.006669167415811472e+00
2.814674378199661930e+00
2.607071123314731231e+00
2.384669595614248738e+00
2.148369000007334773e+00
1.899147139890931424e+00
1.638054329458649594e+00
1.366212387060309119e+00
1.084810769407961839e+00
7.950983761893726243e-01
4.983758317317046882e-01
1.959909841617410720e-01
-1.106683278184024677e-01
-4.201810560131354899e-01
-7.311009309607670037e-01
-1.041964520680437545e+00
-1.351298620071037959e+00
-1.657628060828675087e+00
-1.959483113800015941e+00
-2.255407623987371935e+00
-2.543964646344384128e+00
-2.823743419117838993e+00
-3.093368130019410689e+00
-3.351503698157625166e+00
-3.596860743264592042e+00
-3.828202456231009521e+00
-4.044350158312856713e+00
-4.244188914449704697e+00
-4.426671261688155390e+00
-4.590820357280981590e+00
-4.735734596266972574e+00
-4.860594795909939592e+00
-4.964666109845767394e+00
-5.047299373770091968e+00
-5.107936768919264736e+00
-5.146114620689372643e+00
-5.161462581540325445e+00
-5.153709212744917778e+00
-5.122682021568920163e+00
-5.068310154564469983e+00
-4.990626554605032794e+00
-4.889766112751148697e+00
-4.765967874660492321e+00
-4.619575980942325799e+00
-4.451040504840779732e+00
-4.260917829822797209e+00
-4.049868247880002770e+00
-3.818654157141321726e+00
-3.568138585538070728e+00
-3.299282984281694642e+00
-3.013144609713549027e+00
-2.710872671923296728e+00
-2.393703855898538624e+00
-2.062957747055937485e+00
-1.720031963430484812e+00
-1.366395763658881712e+00
-1.003583810869113302e+00
-6.331903311610985741e-01
-2.568610225152283544e-01
1.237149111603043777e-01
5.068129212481240486e-01
8.906822205533082570e-01
1.273554206032436520e+00
1.653650639463836836e+00
2.029193373806346123e+00
2.398412531408632198e+00
2.759554870634143509e+00
3.110893372635030740e+00
3.450736410535109933e+00
3.777436344853331907e+00
4.089395779899166250e+00
4.385075718821203949e+00
4.663003305080160033e+00
4.921778739846454975e+00
5.160082823822462750e+00
5.376681386917245398e+00
5.570434474868158681e+00
5.740303238084234039e+00
5.885352952818335481e+00
6.004754532619699603e+00
6.097789936280845424e+00
6.163856234551537305e+00
6.202470454197535510e+00
6.213272938796187361e+00
6.196029024871008595e+00
6.150632030437911624e+00
6.077104863926244604e+00
5.975600130203230442e+00
5.846400676076322966e+00
5.689921545560031824e+00
5.506708834060636271e+00
5.297437125761631727e+00
5.062908172488248759e+00
4.804047976053662516e+00
4.521905021508507261e+00
4.217644359273370114e+00
3.892548284735977582e+00
3.548012686417599149e+00
3.185526988538510462e+00
2.806677537923027987e+00
2.413139413174764769e+00
2.006667799386176565e+00
1.589089220544935177e+00
1.162292317095335425e+00
7.282170987739304824e-01
