1.149172819393416978e+00 -1.562215543495937053e+00 -1.059474252422540896e+00 -4.743193941741777886e-01 -2.780901453793877542e-01 7.045520365883412017e-01 -1.004377534755716672e+00 -1.580609097189300982e+00 -1.834575704322514156e+00 0.000000000000000000e+00
-1.548051725095332065e+00 -1.071037591914628884e+00 -4.843090653958534997e-01 -2.750470051059187293e-01 7.145114466247953766e-01 -1.012909935644764614e+00 -1.599838833110792002e+00 -1.826180594281996639e+00 0.000000000000000000e+00 0.000000000000000000e+00
-1.533847447875910985e+00 -1.082572926463060803e+00 -4.944450144645977097e-01 -2.721670351603245885e-01 7.244216648174006679e-01 -1.021331796383555757e+00 -1.618958586060607718e+00 -1.817647972724369065e+00 0.000000000000000000e+00 0.000000000000000000e+00
-1.519605397885171572e+00 -1.094077514504663506e+00 -5.047256776837593106e-01 -2.694503747126021365e-01 -1.029640698572549251e+00 -1.637965825098222972e+00 -1.808979980084954198e+00 0.000000000000000000e+00 0.000000000000000000e+00 0.000000000000000000e+00
-6.020491414084147008e-01 -1.505328265040480673e+00 -1.105548617383454335e+00 -5.151494621536968355e-01 -2.668971309209901555e-01 -1.656858036871055706e+00 -1.800178777121789420e+00 0.000000000000000000e+00 0.000000000000000000e+00 0.000000000000000000e+00
-5.862705389686152513e-01 -1.491018742664562691e+00 -1.116983499834990123e+00 -5.257147460467302968e-01 -2.645073788741887366e-01 -1.675632725981711868e+00 -1.791246544536893248e+00 0.000000000000000000e+00 0.000000000000000000e+00 0.000000000000000000e+00
-5.706011258484150472e-01 -1.476679527019657989e+00 -1.128379430469894418e+00 -5.364198788870885304e-01 -2.622811615390380213e-01 -9.975059644873874865e-01 -1.694287415351630521e+00 -1.782185482593954262e+00 0.000000000000000000e+00 0.000000000000000000e+00
-5.550432364454574996e-01 -1.462313317014466207e+00 -1.139733682362049194e+00 -5.472631817519991726e-01 -2.602184893762343743e-01 2.492906164821462045e-01 -1.009934922783093825e+00 -1.712819646229142512e+00 -1.772997810461338863e+00 0.000000000000000000e+00
-5.395991819738844564e-01 -1.447922813037688661e+00 -1.151043533106823613e+00 -5.582429478976159709e-01 -2.583193416524594554e-01 2.464432217378956513e-01 -1.022421619219527456e+00 -1.731226979957453338e+00 -1.763685766910404684e+00 0.000000000000000000e+00
-5.242712505469815376e-01 -1.433510717531679246e+00 -1.162306265934249350e+00 -5.693574425514437154e-01 -2.565836643824733754e-01 2.433954583020091489e-01 -1.034963528389299725e+00 -1.749506996218205268e+00 -1.754251608297894061e+00 0.000000000000000000e+00
-5.090617064324046703e-01 -1.419079733834093471e+00 -1.173519169771249926e+00 -5.806049035429626803e-01 -2.550113716324904356e-01 2.401472176071709763e-01 -1.047558109964194406e+00 -1.767657294771280974e+00 -1.744697609241560921e+00 0.000000000000000000e+00
-4.939727897230462572e-01 -1.404632565875582939e+00 -1.184679539822399930e+00 -5.919835415263711154e-01 -2.536023451677554830e-01 2.366984293182421706e-01 -1.060202809246350242e+00 -1.785675495458005857e+00 -1.735026061957485322e+00 0.000000000000000000e+00
-4.790067159307895284e-01 -1.390171917707495819e+00 -1.195784678046799776e+00 -6.034915402894357461e-01 -2.523564344336137188e-01 2.330490613153620438e-01 -1.072895057652966777e+00 -1.803559238542493004e+00 -1.725239275857646026e+00 0.000000000000000000e+00
-4.641656755844605353e-01 -1.375700493028773730e+00 -6.151270570669724602e-01 -2.512734565422562460e-01 2.291991196701563815e-01 -1.085632273203935405e+00 -1.821306185049171411e+00 -1.715339577144394889e+00 0.000000000000000000e+00 0.000000000000000000e+00
-4.494518338320602213e-01 -1.361220994712132315e+00 -6.268882228589057748e-01 -2.503531962651692755e-01 2.251486486150749422e-01 -1.098411861012272839e+00 -1.838914017096466624e+00 -1.705329308401881017e+00 0.000000000000000000e+00 0.000000000000000000e+00
-4.348673300473546166e-01 -2.577411081203226040e+00 -1.346736124329596773e+00 -6.387731427528443584e-01 -2.495954060313106959e-01 2.208977305058877072e-01 -1.111231213777257976e+00 -1.856380438226589824e+00 -1.695210828184506857e+00 0.000000000000000000e+00
-4.204142774409140859e-01 -2.570363432660564662e+00 -1.332248581677483612e+00 -6.507798962511215368e-01 -2.489998059310414569e-01 2.164464857773681916e-01 -1.124087712280175566e+00 -1.873703173731429139e+00 0.000000000000000000e+00 0.000000000000000000e+00
-4.060947626756720163e-01 -2.563083112441634892e+00 -1.317761064300909224e+00 -6.629065376022394984e-01 -2.485660837258323042e-01 2.117950728921938197e-01 -1.136978725882540786e+00 0.000000000000000000e+00 0.000000000000000000e+00 0.000000000000000000e+00
-3.919108454870942060e-01 -2.555570923542552109e+00 -1.303276267017903667e+00 -6.751510961366599117e-01 -2.482938948637712362e-01 2.069436882830937852e-01 5.543781096651370088e-01 -2.010835750950863421e+00 -1.149901613026714786e+00 0.000000000000000000e+00
-3.778645583080275649e-01 -2.547827704871914456e+00 -1.288796881443219133e+00 -6.875115766068824463e-01 -2.481828625008908606e-01 2.018925662882769256e-01 5.558978915527553744e-01 -1.995565230780126598e+00 -1.162853721738795532e+00 0.000000000000000000e+00
-3.639579058983168913e-01 -2.539854331121528030e+00 -1.513256299814760508e+00 -1.274325595511917264e+00 -6.999859595317504679e-01 -2.482325775283378000e-01 1.966419790801720302e-01 5.572297911840662366e-01 -1.980125068411259903e+00 -1.175832390133672467e+00
-3.501928649792605541e-01 -2.531651712631072471e+00 -1.506405069826249887e+00 -1.259865093002813685e+00 -7.125722015449219571e-01 -2.484425986054024649e-01 1.911922365875149410e-01 5.583726117728446958e-01 -1.964517258001969413e+00 -1.188834946922144864e+00
-3.365713839408789321e-01 -2.523220795470758393e+00 -1.499399835587520435e+00 -7.252682356521596985e-01 -2.488124524627468026e-01 1.855436867347719787e-01 5.593251897704504261e-01 -1.948743819669800592e+00 -1.201858711859749684e+00 0.000000000000000000e+00
-3.230953822139862042e-01 -2.514562560395378732e+00 -1.492242709224690156e+00 -7.380719719701414050e-01 1.796967140517261585e-01 5.600863947665580822e-01 -1.932806798209321997e+00 -1.214900996499263641e+00 0.000000000000000000e+00 0.000000000000000000e+00
-3.097667503264678879e-01 -2.505678024033390017e+00 -1.484935826433338102e+00 -7.509812975160450321e-01 2.346499990720245954e+00 1.736517415170761580e-01 5.606551302190582176e-01 -1.916708264114428628e+00 -1.227959104342372543e+00 1.482997441278126827e+00
-2.965873492895704788e-01 -2.496568237842177407e+00 -1.477481347051631033e+00 -7.639940769486458505e-01 2.335485403962491713e+00 1.674092291740574001e-01 5.610303333492879796e-01 -1.900450312300461464e+00 -1.241030331591970848e+00 1.478346956650766542e+00
-2.835590103236681481e-01 -2.487234288160367512e+00 -1.469881454433084933e+00 -7.771081528441167174e-01 2.324246883416067000e+00 1.609696743345445658e-01 5.612109754426430897e-01 -1.884035061958806656e+00 -1.254111967609401246e+00 1.473530635778988351e+00
-2.706835345233610246e-01 -2.477677296036536525e+00 -1.462138355051284533e+00 -7.903213460681982605e-01 2.312785689269535983e+00 1.543336114619809074e-01 5.611960620628263507e-01 -1.867464656183027705e+00 -1.267201295431609420e+00 1.468550212261037435e+00
-2.579626925279346339e-01 -2.467898417052006632e+00 -1.454254278100598707e+00 -8.036314561521028521e-01 2.301103116637977397e+00 1.475016120479071824e-01 5.609846332607261177e-01 -1.850741261590916009e+00 -1.280295592289591333e+00 1.463407446939173573e+00
-2.457898841137747148e+00 -1.446231475092947916e+00 -8.170362616720787674e-01 2.289200495376952027e+00 1.404742844821309511e-01 5.605757637778769897e-01 -1.833867067942543505e+00 -1.293392130128011575e+00 1.458104127602917410e+00 0.000000000000000000e+00
-9.234283303576802382e-01 -2.447679792385410558e+00 -1.438072219450705624e+00 -8.305335206325754616e-01 2.277079189890541144e+00 1.332522739165766801e-01 5.599685632444582062e-01 -1.816844287754372234e+00 -1.306488176125887080e+00 1.452642068687361343e+00
-9.226771214752714778e-01 -2.437242528852535894e+00 -1.429778806095797439e+00 -8.441209708529403555e-01 2.264740598933538518e+00 1.258362621228618639e-01 5.591621763717880000e-01 -1.799675155909521651e+00 -1.319580993218220977e+00 1.447023110966594750e+00
-9.217388615319483947e-01 -2.426588342361942985e+00 -1.421353551035079876e+00 -8.577963303575781850e-01 2.252186155407757351e+00 1.182269673436423391e-01 5.581557831392679470e-01 -1.782361929264253408e+00 -1.332667840618475097e+00 1.441249121242278886e+00
-9.206147254926306811e-01 -2.415718558295342877e+00 -1.412798790942060290e+00 -8.715572977695090762e-01 2.239417326152527199e+00 1.104251441377727266e-01 5.569485989757352318e-01 -1.764906886250759976e+00 -1.345745974341768569e+00 1.435321992027409177e+00
-9.193059236667388001e-01 -2.404634535381217741e+00 -1.404116882735047644e+00 -8.854015527072535141e-01 2.226435611729362662e+00 5.555398749351846410e-01 -1.747312326476335498e+00 -1.358812647728686596e+00 1.429243641225315553e+00 0.000000000000000000e+00
-9.178137014726752696e-01 -2.393337665476968468e+00 -1.395310203151787887e+00 -8.993267561849740410e-01 2.213242546200851368e+00 5.539288978668122088e-01 -1.729580570319003474e+00 -1.371865111969595041e+00 2.715165393626800316e+00 1.423016011803937442e+00
-9.161393391947508791e-01 -2.381829373345395240e+00 -1.386381148320676715e+00 -9.133305510158086227e-01 2.199839696903782116e+00 5.521149905793443224e-01 -1.711713958519686773e+00 -1.384900616629334502e+00 2.711377419401563404e+00 1.416641071465420509e+00
-9.142841521417756079e-01 -2.370111116220642966e+00 -1.377332133566957273e+00 -9.274105624971493711e-01 2.186228664115207110e+00 5.500975120620681391e-01 -1.693714851585657710e+00 -1.397916410256810238e+00 2.707349845778365793e+00 1.410120812290940995e+00
-9.122494887479162262e-01 -2.358184384395169531e+00 -1.368165592021383103e+00 2.172411081220555040e+00 -1.675585630119393654e+00 -1.410909740570753357e+00 2.703083136760693339e+00 1.403457250481864538e+00 0.000000000000000000e+00 0.000000000000000000e+00
-9.100367327591768474e-01 -2.346050699751640156e+00 -1.358883975609810335e+00 2.158388613862402661e+00 -5.095182468614711802e-01 -1.657328693290215371e+00 -1.423877855491951117e+00 2.698577793202879604e+00 1.396652425894890470e+00 -1.513453348816732047e-01
-9.076473013435977233e-01 -2.333711616326711091e+00 -1.349489753669577130e+00 2.144162960091297698e+00 -5.060396278742059772e-01 -1.638946459145867784e+00 -1.436818003333972138e+00 2.693834352008235289e+00 1.389708401772992374e+00 -1.420598823430061219e-01
-9.050826452086756513e-01 -2.321168719860596141e+00 -1.339985412736266257e+00 2.129735850012048459e+00 -5.023651650716486339e-01 -1.620441364008555762e+00 -1.449727433410318289e+00 2.688853386245763311e+00 1.382627264372759734e+00 -1.325918077244714333e-01
-9.023442483139935133e-01 -2.308423627540225898e+00 -1.330373456095939044e+00 2.115109045522892028e+00 -4.984946619699157089e-01 -1.462603396559068569e+00 2.683635505078560524e+00 1.375411122606910341e+00 -1.229420036873093564e-01 0.000000000000000000e+00
-8.994336275766461331e-01 -2.295477987737014836e+00 -1.320656403334460993e+00 2.100284340049098475e+00 -4.944279584295999674e-01 2.678181353686349020e+00 1.011281983506894910e+00 1.368062107682470829e+00 -1.131113969556850063e-01 0.000000000000000000e+00
-8.963523325695219590e-01 -2.282333479739244719e+00 -1.310836789884017195e+00 2.085263558271085671e+00 -4.901649306693310892e-01 -1.564213540993456553e+00 2.672491613182125914e+00 1.031984607757369110e+00 1.360582372734665757e+00 -1.031009481677208905e-01
-8.931019452124938640e-01 -2.268991813479145581e+00 -1.300917166566869287e+00 2.070048555847026961e+00 -4.857054912728366314e-01 -1.545241715595329302e+00 2.666567000522936048e+00 1.052586835656971420e+00 1.352974092456575406e+00 -9.291165172076863710e-02
-8.896840794565945565e-01 -2.255454729254686264e+00 2.054641219130040497e+00 -4.810495891895129605e-01 2.660408268414769850e+00 1.073086107617723828e+00 1.035798765473963101e+00 1.345239462724618251e+00 -8.254453561094657332e-02 0.000000000000000000e+00
-8.861003809612303384e-01 2.039043464879957579e+00 -4.761972097285257499e-01 2.654016205211606305e+00 1.093479879967869328e+00 1.050463434626472736e+00 1.337380700219907625e+00 -7.200066126697340918e-02 0.000000000000000000e+00 0.000000000000000000e+00
-8.823525267645131454e-01 -2.227801418227474795e+00 2.023257239969736609e+00 -4.711483745464470352e-01 2.647391634808573535e+00 1.113765625364072642e+00 1.065171555839029782e+00 1.329400042045542740e+00 -6.128112337832566231e-02 0.000000000000000000e+00
-8.784422249467674915e-01 2.007284521086537765e+00 -4.659031416284555305e-01 2.640535416529279367e+00 1.133940833201001475e+00 1.079920371989224304e+00 1.321299745339894693e+00 -5.038704971775101460e-02 0.000000000000000000e+00 0.000000000000000000e+00
-8.743712142872963611e-01 1.991127314427517225e+00 -4.604616052631063106e-01 2.633448445007264827e+00 1.154003010018213482e+00 1.094707114747684118e+00 1.313082086885937416e+00 -3.931960095816763867e-02 0.000000000000000000e+00 0.000000000000000000e+00
1.974787655390373153e+00 -4.548238960106992246e-01 8.097773593399121284e-01 2.626131650061643619e+00 1.173949679904279675e+00 1.109529005058622841e+00 1.304749362716688177e+00 -2.807997048398264139e-02 0.000000000000000000e+00 0.000000000000000000e+00
1.958267608297368234e+00 -4.489901803850195328e-01 7.984833882537487604e-01 2.618585996280414996e+00 1.193778385066115444e+00 1.124383253434694696e+00 1.296303887520196652e+00 -1.666938421922766964e-02 0.000000000000000000e+00 0.000000000000000000e+00
1.941569265920368492e+00 -4.429606619329287120e-01 7.872719353572076306e-01 2.610812484033449454e+00 1.213486685553487154e+00 1.139267061193456554e+00 1.287747995026016889e+00 -5.089100338114114011e-03 0.000000000000000000e+00 0.000000000000000000e+00
2.320980318929363406e+00 1.924694749387699355e+00 -4.367355795043353917e-01 7.761451427568928363e-01 2.602812147613958071e+00 1.233072160661327965e+00 1.154177619819324985e+00 1.279084036421068271e+00 6.659590806170801076e-03 0.000000000000000000e+00
1.907646207701269692e+00 -4.303152083026136610e-01 7.651051368530946695e-01 2.594586056222990322e+00 1.252532408658167062e+00 1.169112112192303599e+00 1.270314380717173286e+00 1.857536698051164004e-02 0.000000000000000000e+00 0.000000000000000000e+00
2.343309664119448410e+00 -4.236998595490039099e-01 2.667160332314227222e+00 7.541540280813824326e-01 2.586135313537705649e+00 1.271865047338723631e+00 1.184067712894813829e+00 1.261441414146943663e+00 3.065687426620937461e-02 0.000000000000000000e+00
2.354154105937042996e+00 -4.168898804130172775e-01 2.666626091717042346e+00 7.432939105512251787e-01 2.577461057552202117e+00 1.291067714410094824e+00 1.199041588702197014e+00 1.252467539747183611e+00 4.290272728042371364e-02 0.000000000000000000e+00
2.364783356078549836e+00 -4.098856539366143581e-01 2.665861767470735444e+00 7.325268616860146631e-01 2.568564460412617212e+00 1.310138067874728973e+00 1.214030899074594716e+00 1.243395176938858260e+00 5.531150940294659452e-02 0.000000000000000000e+00
2.375196177201010173e+00 -4.026875989521842558e-01 2.664867740188330725e+00 7.218549418645582305e-01 2.559446728246501657e+00 1.329073786410108982e+00 1.229032796650121107e+00 1.234226761103687453e+00 6.788177300826829519e-02 0.000000000000000000e+00
2.385391365028250998e+00 -3.952961699943568497e-01 2.663644426186409842e+00 7.112801940640779419e-01 1.347872569745094395e+00 1.244044427739236403e+00 1.224964743157436198e+00 8.061203970289480825e-02 0.000000000000000000e+00 0.000000000000000000e+00
2.395367748550048415e+00 -3.877118572056768020e-01 2.662192277415673658e+00 7.008046435047937672e-01 1.366532139032845317e+00 1.259062932820250058e+00 1.215611589119967029e+00 9.350080056787704597e-02 0.000000000000000000e+00 0.000000000000000000e+00
2.405124190215921498e+00 -3.799351862361722287e-01 2.660511781385187291e+00 6.904302972961284812e-01 1.385050237220284419e+00 1.274085447035854912e+00 1.065465164065084458e-01 0.000000000000000000e+00 0.000000000000000000e+00 0.000000000000000000e+00
2.414659586123497625e+00 -3.719667181368540021e-01 2.658603461080303543e+00 6.801591440846088688e-01 -1.639897599512261939e-01 1.403424629414009805e+00 1.289109100690623011e+00 1.197476179971490445e-01 0.000000000000000000e+00 0.000000000000000000e+00
2.423972866201445697e+00 -3.638070492471726092e-01 1.831756107324148175e+00 2.656467874874309132e+00 6.699931537035020979e-01 1.421653103242637162e+00 1.304131019749365628e+00 1.331025063511322992e-01 0.000000000000000000e+00 0.000000000000000000e+00
2.433062994386913314e+00 -3.554568110764752542e-01 1.836427660662455663e+00 2.654105616433768411e+00 6.599342768242622004e-01 1.319148326336277099e+00 1.466095529757097671e-01 0.000000000000000000e+00 0.000000000000000000e+00 0.000000000000000000e+00
2.441928968797457689e+00 -3.469166701794924590e-01 1.840929194859324047e+00 2.651517314617598320e+00 6.499844446098311801e-01 1.334158139234780993e+00 1.602671001419889718e-01 0.000000000000000000e+00 0.000000000000000000e+00 0.000000000000000000e+00
-1.647719331012603705e+00 -3.381873281890810934e-01 1.845259123771989529e+00 2.648703633158360660e+00 6.401455682723561358e-01 -1.735006875543423366e-01 1.740734612508987589e-01 0.000000000000000000e+00 0.000000000000000000e+00 0.000000000000000000e+00
-1.651839445282380803e+00 2.458984620701673673e+00 -3.292695210253899774e-01 1.849415890140922336e+00 2.645665271397243057e+00 6.304195391214715283e-01 -1.754185916514165722e-01 -1.231168558744313302e+00 1.880269207376476792e-01 0.000000000000000000e+00
-1.655776116269827458e+00 2.467172466757050486e+00 -3.201640197315362424e-01 1.853397964618656246e+00 2.642402962896821972e+00 6.208082276392268284e-01 -1.771534565659954874e-01 -1.227937994224381324e+00 2.021257349121387548e-01 0.000000000000000000e+00
-1.659527769757319859e+00 2.475132496554103056e+00 -3.108716296807138568e-01 1.857203846860519425e+00 2.638917476151152020e+00 6.113134835267587386e-01 -1.787057906683387487e-01 -1.224493820217253726e+00 2.163681318785661001e-01 0.000000000000000000e+00
-1.663092861472368122e+00 2.482863881496420788e+00 -3.013931905809489331e-01 1.860832065586099482e+00 2.635209614248210208e+00 6.019371352730472635e-01 -1.800761378157989256e-01 -1.220835657956005349e+00 2.307523119180414362e-01 0.000000000000000000e+00
-1.666469877358245144e+00 2.490365828082191868e+00 -2.917295763155732802e-01 1.864281178837017716e+00 2.631280214731690048e+00 5.926809898206232274e-01 -1.812650772373572139e-01 -1.216963165503614164e+00 2.452764477854887937e-01 0.000000000000000000e+00
-1.669657333839471125e+00 2.497637578036718153e+00 1.867549774228981940e+00 2.627130149456662345e+00 5.835468322335575220e-01 -1.822732234114309291e-01 -1.212876037810718177e+00 2.599386850111881087e-01 0.000000000000000000e+00 0.000000000000000000e+00
-1.672653778082122233e+00 2.504678408439192427e+00 1.870636469198096785e+00 2.622760324439120438e+00 5.745364253677921473e-01 -1.831012259369790285e-01 -1.208574006767097142e+00 2.747371422069168623e-01 0.000000000000000000e+00 0.000000000000000000e+00
-1.675457788248897462e+00 2.511487631843700274e+00 1.150470857190468044e+00 1.873539911241379308e+00 2.618171679699441423e+00 5.656515095438725549e-01 -1.837497693979321112e-01 -1.204056841246861076e+00 2.896699113766348366e-01 0.000000000000000000e+00
-1.678067973748939679e+00 2.518064596394442134e+00 1.150341041326896185e+00 1.876258778151459694e+00 2.613365189099783770e+00 5.568938022221449069e-01 -1.842195732209752357e-01 -1.199324347147370684e+00 3.047350582316616374e-01 0.000000000000000000e+00
-1.680482975482343155e+00 2.524408685935139118e+00 1.150011387799021900e+00 1.878791778245432420e+00 2.608341860175451998e+00 5.482649976804797598e-01 -1.845113915267143634e-01 -1.194376367421872809e+00 3.199306225102904744e-01 0.000000000000000000e+00
-1.682701466079332908e+00 2.530519320112602610e+00 1.149480948053186902e+00 1.881137650587816790e+00 2.603102733960247939e+00 5.397667666945822340e-01 -1.846260129742558764e-01 -1.189212782105868227e+00 3.352546183017858228e-01 0.000000000000000000e+00
-1.684722150134063234e+00 2.536395954474459646e+00 1.148748808691317347e+00 1.883295165207613975e+00 2.597648884805860092e+00 5.314007562209519531e-01 -1.845642605992329210e-01 -1.183833508337204909e+00 0.000000000000000000e+00 0.000000000000000000e+00
-1.686543764433015236e+00 2.542038080560987012e+00 1.147814091643115653e+00 1.885263123309428135e+00 2.591981420195286212e+00 5.231685890825545915e-01 -1.843269916453124657e-01 -1.178238500369912733e+00 -2.598971526427384493e+00 0.000000000000000000e+00
-1.688165078177944478e+00 2.547445225991061601e+00 1.146675954331903169e+00 1.887040357478604102e+00 2.586101480550350828e+00 5.150718636572665377e-01 -1.839150973892174079e-01 -1.172427749581778533e+00 -2.603335735691320707e+00 0.000000000000000000e+00
-1.689584893067376914e+00 2.552616954560939178e+00 1.145333589329207369e+00 1.888625731996439017e+00 2.580010239289003415e+00 5.071121536449105793e-01 -1.833295031120128760e-01 -1.166401284613071132e+00 -2.607466895983586497e+00 0.000000000000000000e+00
-1.690802044053984377e+00 2.557552866243183232e+00 1.143786226532733430e+00 1.890018142567899684e+00 2.573708901595692655e+00 -1.825711672987826717e-01 -1.160159170810561635e+00 -2.611364707479288949e+00 0.000000000000000000e+00 0.000000000000000000e+00
-1.691815398736136178e+00 2.562252597367138840e+00 1.142033130287605225e+00 1.891216517204098890e+00 2.567198705743366283e+00 -1.816410823595288604e-01 -1.153701511039717964e+00 -2.615028904605469329e+00 -8.803505339268554719e-01 0.000000000000000000e+00
-1.692623858096155454e+00 2.566715820607051057e+00 1.140073601521702784e+00 1.892219815944757189e+00 2.560480921867314130e+00 -1.805402738251452588e-01 -1.147028445124365303e+00 -2.618459255306221145e+00 -8.689896716956373446e-01 0.000000000000000000e+00
-1.693226356563472645e+00 2.570942245056496489e+00 1.137906977388857266e+00 1.893027031145903427e+00 2.553556851991996446e+00 -1.792698002889596409e-01 -1.140140149956601956e+00 -2.621655561240527899e+00 -8.577011365451842062e-01 0.000000000000000000e+00
-1.693621862204270689e+00 2.574931616278602675e+00 1.135532631396063641e+00 1.893637187648736342e+00 2.546427829803771026e+00 -1.778307531936604013e-01 -2.624617657790517367e+00 -8.464872537800810504e-01 0.000000000000000000e+00 0.000000000000000000e+00
1.755037533754408297e-01 -1.693809376905477615e+00 2.578683716350269162e+00 1.132949973524201237e+00 1.894049342942356162e+00 2.539095220417937782e+00 -1.762242566120174880e-01 -2.627345414065126672e+00 -8.353503317495916125e-01 0.000000000000000000e+00
1.768125124415016458e-01 -1.693787936553097229e+00 2.582198363900366722e+00 1.130158450342246823e+00 1.894262587320364899e+00 2.531560420140153145e+00 -1.744514670214414032e-01 -2.629838732899156817e+00 -8.242926614320666978e-01 0.000000000000000000e+00
1.779258994475042543e-01 -1.693556611204827034e+00 2.585475414141910733e+00 1.127157545114964687e+00 1.894276044031302009e+00 2.523824856222227186e+00 -1.725135730724272620e-01 -2.632097550847735334e+00 -8.133165160223301271e-01 0.000000000000000000e+00
1.788444513503234801e-01 -1.693114505256963609e+00 2.588514758898193602e+00 1.123946777904055061e+00 1.894088869422916988e+00 2.515889986612385165e+00 -1.704117953509333150e-01 -2.634121838176196828e+00 -8.024241505221211268e-01 0.000000000000000000e+00
1.795687430924150230e-01 -1.692460757605556809e+00 1.120525705662755112e+00 1.893700253080257356e+00 -1.681473861347427545e-01 -2.635911598845372517e+00 -7.916178013336657715e-01 0.000000000000000000e+00 0.000000000000000000e+00 0.000000000000000000e+00
1.800993874867381217e-01 -4.073665943557223112e-01 -6.190803660002021092e-01 1.116893922323873856e+00 1.893109417957557827e+00 -1.657216291438588229e-01 -2.637466870492325199e+00 -7.808996858564524191e-01 0.000000000000000000e+00 0.000000000000000000e+00
1.804370350944034529e-01 -4.000702067612046942e-01 -6.277836708268874633e-01 1.113051058881258770e+00 1.892315620503930873e+00 -2.638787724406491453e+00 -7.702720020872911855e-01 0.000000000000000000e+00 0.000000000000000000e+00 0.000000000000000000e+00
1.805823740950646406e-01 -3.929398591931070883e-01 -6.365354885021938802e-01 1.108996783464672120e+00 1.891318150782839158e+00 -6.952197244266150600e-01 8.229868221846055321e-02 -2.639874265501289674e+00 -7.597369282237210752e-01 0.000000000000000000e+00
1.805361301500807147e-01 -3.859766824869100277e-01 -6.453334821756970818e-01 1.104730801408079444e+00 1.890116332585343173e+00 -7.122087427077961053e-01 6.848129407683997694e-02 -2.640726632281157560e+00 -7.492966222708483670e-01 0.000000000000000000e+00
1.802990651665386246e-01 -3.791817735434955261e-01 -6.541753020003771013e-01 1.100252855687072095e+00 1.888709523536119095e+00 -7.292777087155191129e-01 5.449030256026989733e-02 -2.641344996602001061e+00 -7.389532212763603169e-01 0.000000000000000000e+00
1.798719815255225840e-01 -3.725561947685319675e-01 -6.630585855004436091e-01 1.095562725466978415e+00 1.887097115198287600e+00 -7.464240896425572425e-01 4.032732294253769251e-02 -2.641729564439601052e+00 -7.287088424497846217e-01 0.000000000000000000e+00
1.792557153804485159e-01 -3.661009743585930676e-01 -6.719809581238344043e-01 1.090660228402865917e+00 1.885278533161923953e+00 -7.636453371625947506e-01 2.599400430463167169e-02 -2.641880574632204937e+00 -7.185655805309429933e-01 0.000000000000000000e+00
1.784511408067374627e-01 -3.598171057582529864e-01 -6.809400336176696378e-01 1.085545219196564437e+00 1.883253237136347291e+00 -7.809388880725139925e-01 1.149202909443669887e-02 -2.641798299627992730e+00 -7.085255088944618640e-01 0.000000000000000000e+00
1.774591685683923337e-01 -3.537055475372671287e-01 -6.899334144961138948e-01 1.080217589996943506e+00 1.881020721031211540e+00 -7.983021646716107478e-01 -3.176887074856812355e-03 -2.641483045233198546e+00 -6.985906788101968745e-01 0.000000000000000000e+00
1.762807459384194420e-01 -3.477672231926480229e-01 1.074677270428517684e+00 1.878580513032326538e+00 -8.157325751947346326e-01 -1.801099568092556780e-02 -2.640935150552051525e+00 -6.887631190721735797e-01 0.000000000000000000e+00 0.000000000000000000e+00
1.749168565122878882e-01 -3.420030209573086122e-01 1.068924227613411437e+00 1.875932175671240154e+00 -8.332275142470320084e-01 -3.300851555469401510e-02 -2.640154987922249674e+00 -6.790448356314739975e-01 0.000000000000000000e+00 0.000000000000000000e+00
1.733685200144693961e-01 -6.356765498341205856e-01 -3.364137936153259179e-01 1.062958466186690654e+00 1.873075305888585840e+00 -8.507843632402218859e-01 -4.816763314889224018e-02 -2.639142962845975937e+00 -6.694378112331462738e-01 0.000000000000000000e+00
-6.247205966365519947e-01 -3.310003583238734226e-01 1.056780028305048580e+00 -8.684004908303254444e-01 -6.348650281275557139e-02 -2.637899513916444505e+00 -6.599440050571984129e-01 0.000000000000000000e+00 0.000000000000000000e+00 0.000000000000000000e+00
-6.138301680305575658e-01 -3.257634964418729129e-01 1.050388993648859515e+00 -8.860732533567888813e-01 -7.896324707283333688e-02 -2.636425112740042209e+00 -6.505653523637533464e-01 0.000000000000000000e+00 0.000000000000000000e+00 0.000000000000000000e+00
-4.457595648813815203e-01 -6.030078207921724109e-01 -3.207039533654121866e-01 -1.948408902399882514e+00 1.043785479417595807e+00 -9.037999952829190997e-01 -9.459595691986941168e-02 -2.634720263854016142e+00 -6.413037641424282898e-01 0.000000000000000000e+00
-4.361763209323382129e-01 -5.922560965229801688e-01 -3.158224383699764770e-01 -1.961228164838859866e+00 1.036969640318612607e+00 -9.215780496375711728e-01 -1.103826921017172780e-01 -2.632785504639763463e+00 -6.321611267660071087e-01 0.000000000000000000e+00
-4.265738227998085441e-01 -5.815775211960639846e-01 -3.111196244595355598e-01 -1.973934626863030672e+00 1.029941668549316569e+00 -9.394047384580056503e-01 -1.263214814222516913e-01 -2.630621405231727827e+00 -6.231393016484769731e-01 0.000000000000000000e+00
-4.169548244823965133e-01 -5.709746047047665751e-01 -3.065961482225338375e-01 -1.986525825711278559e+00 1.022701793772704537e+00 -9.572773732338571984e-01 -1.424103230462354097e-01 -6.142401249074858072e-01 0.000000000000000000e+00 0.000000000000000000e+00
-4.073220809168347500e-01 -5.604498404143295476e-01 -3.022526096948215391e-01 -1.998999314202189126e+00 1.015250283086300387e+00 -9.751932553521356351e-01 -1.586471848101015381e-01 -6.054654070312939229e-01 0.000000000000000000e+00 0.000000000000000000e+00
-3.976783479689857681e-01 -5.500057045976344261e-01 -2.980895720982141284e-01 -2.011352661008710463e+00 1.007587440805993717e+00 -9.931496765337228805e-01 -1.750300046264461895e-01 -5.968169328859208589e-01 0.000000000000000000e+00 0.000000000000000000e+00
-3.880263796835356493e-01 -5.396446564695857040e-01 -2.941075622442721471e-01 -2.023583451668037991e+00 9.997136091376903622e-01 -1.011143919318219897e+00 -1.915566904542111148e-01 -2.130752368583731737e+00 -5.882964600450956150e-01 0.000000000000000000e+00
-3.783689310078356960e-01 -5.293691370355876336e-01 -2.903070696311572108e-01 -2.035689288115588358e+00 9.916291670568558869e-01 -1.029173257454888857e+00 -2.082251211533122370e-01 -2.134699475243515110e+00 -5.799057204823483413e-01 0.000000000000000000e+00
-3.687087550751946829e-01 -5.191815691252387177e-01 -2.866885468538293846e-01 -2.047667789680620132e+00 9.833345309565071357e-01 -1.047234956388523042e+00 -2.250331464715169538e-01 -2.138449493332169382e+00 -5.716464189301569965e-01 0.000000000000000000e+00
-3.590486031830253943e-01 -5.090843568440823752e-01 -2.832524093746558447e-01 -2.059516593353886371e+00 -1.065326273699382043e+00 -2.419785874694731775e-01 -2.142001080618581632e+00 -5.635202328963825336e-01 0.000000000000000000e+00 0.000000000000000000e+00
-3.493912242403622859e-01 -4.990798851441892725e-01 -2.799990354288044991e-01 -2.071233354195403553e+00 6.157943031053996208e-01 -1.083444459552945993e+00 -2.590592368660371014e-01 -2.145352927524703635e+00 -5.555288123594646077e-01 0.000000000000000000e+00
-3.397393642164820426e-01 -4.891705193981708555e-01 -2.769287659368405707e-01 -2.082815745739189150e+00 5.930528083512025539e-01 -1.101586757150220919e+00 -2.762728593891862205e-01 -2.148503757351040377e+00 0.000000000000000000e+00 0.000000000000000000e+00
-3.300957655907494903e-01 -4.793586049766995205e-01 -2.740419044245542834e-01 -2.094261460394903018e+00 5.703144697784785500e-01 -2.936171921324653988e-01 -2.151452326495671308e+00 2.044230971093491611e+00 0.000000000000000000e+00 0.000000000000000000e+00
-3.204631668038098735e-01 -4.696464668296053135e-01 -2.713387169500489637e-01 -2.105568209846317096e+00 5.475823466759562885e-01 -3.110899449169138853e-01 -2.154197424666781657e+00 2.054661700960444204e+00 0.000000000000000000e+00 0.000000000000000000e+00
-3.108443017102563988e-01 -4.600364090706298148e-01 -2.688194320381165903e-01 -2.116733725446569458e+00 5.248594962857952018e-01 -3.286888006584194333e-01 -2.156737875088670098e+00 1.633457114689031542e+00 2.064935819629851288e+00 0.000000000000000000e+00
-3.012418990328906143e-01 -4.505307145659054324e-01 -2.664842406219262716e-01 -2.127755758610110792e+00 5.021489732826308616e-01 -3.464114157404416527e-01 -2.159072534701219848e+00 1.614148273689181012e+00 2.075051039366747840e+00 0.000000000000000000e+00
-2.916586818187008046e-01 -4.411316445262361552e-01 -2.643332959920476344e-01 -2.138632081201295776e+00 4.794538292525784562e-01 -3.642554203920511657e-01 -2.161200294352778606e+00 1.594754256744359111e+00 2.085005095992511048e+00 0.000000000000000000e+00
-2.820973668966784698e-01 -4.318414381032499305e-01 -2.623667137528339910e-01 -2.149360485919559860e+00 4.567771121722957184e-01 -2.163120078986468631e+00 1.575277862209953028e+00 2.094795749282693187e+00 0.000000000000000000e+00 0.000000000000000000e+00
-2.725606643375948490e-01 -4.226623119894950542e-01 -2.605845717861819955e-01 -2.159938786681091738e+00 4.341218658881939585e-01 -2.164830847819859461e+00 1.555721900121058043e+00 2.186731497704252014e+00 2.104420783360818614e+00 0.000000000000000000e+00
-2.630512769158565578e-01 -4.135964600225494614e-01 -2.589869102226876607e-01 -2.170364818996970424e+00 -2.166331594518011272e+00 1.536089191723975844e+00 2.192738437435287846e+00 2.113878007088111577e+00 0.000000000000000000e+00 0.000000000000000000e+00
-2.535718989625187492e-01 -4.046460528683606395e-01 -2.575737315832002383e-01 -2.180636440380731234e+00 -2.167621347305479507e+00 1.516382568882789217e+00 2.198518208837773713e+00 2.123165254722862993e+00 5.278888104029882955e-01 0.000000000000000000e+00
-2.441252182824044104e-01 -3.958132373322063580e-01 -2.563450001111312604e-01 -2.190751530586684481e+00 -2.168699169344176170e+00 1.496604874097285265e+00 2.204070591332609297e+00 2.132280385203674467e+00 5.184139270241413522e-01 0.000000000000000000e+00
-2.347139119613082525e-01 -3.871001364255574062e-01 -2.553006427425530411e-01 -2.200707992175029659e+00 -2.169564158560466360e+00 1.476758959293366091e+00 2.209395399449131325e+00 2.141221284167207362e+00 5.090254222021077801e-01 0.000000000000000000e+00
-2.253406482521045917e-01 -3.785088486899777505e-01 -2.210503750744594598e+00 -2.170215448006441950e+00 1.456847685829244510e+00 2.214492484048891541e+00 2.149985863238936368e+00 4.997256611432407958e-01 0.000000000000000000e+00 0.000000000000000000e+00
-2.160080854551276186e-01 -3.700414478953422126e-01 -2.220136755324402689e+00 1.596778152020950969e+00 -2.170652205946691282e+00 1.436873923896467842e+00 2.219361732050647795e+00 2.158572060667482084e+00 4.905169907991209222e-01 0.000000000000000000e+00
-2.067188713950067758e-01 -3.616999826694707321e-01 -2.229604978729212927e+00 1.611600568392733246e+00 -2.170873635991183104e+00 1.416840552037891054e+00 2.224003066443883458e+00 2.166977841688463524e+00 4.814017394193175203e-01 0.000000000000000000e+00
-1.974756429004301816e-01 -2.238906417911097790e+00 1.626227942223226197e+00 -2.170878977221430972e+00 1.396750456663671702e+00 2.228416446296315634e+00 2.175201198883809361e+00 4.723822161072108172e-01 0.000000000000000000e+00 0.000000000000000000e+00
-1.882810252869478451e-01 -2.248039094306977237e+00 1.640658741614960059e+00 -2.170667504309903517e+00 1.376606531565387703e+00 2.232601866755358433e+00 2.183240152536465750e+00 4.634607103789726290e-01 0.000000000000000000e+00 0.000000000000000000e+00
-1.791376318429294401e-01 -2.257001054182069755e+00 1.654891465582293053e+00 -2.170238527632692538e+00 1.356411677428338125e+00 2.236559359043560402e+00 2.191092750980434545e+00 4.546394917257836621e-01 0.000000000000000000e+00 0.000000000000000000e+00
-1.700480633187906598e-01 -2.265790368969192947e+00 1.668924644280293412e+00 -2.169591393375436272e+00 1.336168801342132006e+00 2.240288990447994788e+00 2.198757070946089520e+00 4.459208091793933071e-01 0.000000000000000000e+00 0.000000000000000000e+00
-1.610149074195952879e-01 -2.274405135603864370e+00 1.682756839228939372e+00 -2.168725483632472972e+00 1.315880816309632051e+00 2.243790864303621291e+00 2.206231217900700425e+00 4.373068908810984756e-01 0.000000000000000000e+00 0.000000000000000000e+00
-2.282843476855136888e+00 1.696386643532602490e+00 -2.167640216499254979e+00 1.295550640754356664e+00 2.247065119970596658e+00 2.213513326384127122e+00 4.287999436542422327e-01 0.000000000000000000e+00 0.000000000000000000e+00 0.000000000000000000e+00
-2.291103541652128595e+00 1.709812682094790981e+00 3.173538094213793070e-01 -2.166335046157990885e+00 2.250111932805561210e+00 2.220601560339593217e+00 4.204021525803131598e-01 0.000000000000000000e+00 0.000000000000000000e+00 0.000000000000000000e+00
-2.299183505406182881e+00 7.218990823606882268e-01 1.723033611828103107e+00 3.190479192252351215e-01 -2.164809462956533537e+00 2.252931514126868429e+00 2.227494113439518308e+00 4.121156805787384858e-01 0.000000000000000000e+00 0.000000000000000000e+00
-2.307081570328604059e+00 7.405174875763436138e-01 1.736048121859382620e+00 3.209189888283531245e-01 -2.163062993480517449e+00 2.255524111173792701e+00 -4.503125854210907608e-01 2.234189209406324483e+00 4.039426679904576378e-01 0.000000000000000000e+00
7.591899378230069217e-01 1.748854934081384593e+00 3.229666863421521983e-01 -2.161095200648363246e+00 2.257890007345777050e+00 -4.327539613100884752e-01 2.240685102053590505e+00 3.958852321617377101e-01 0.000000000000000000e+00 0.000000000000000000e+00
7.779138397005417316e-01 1.761452801939002333e+00 3.251906445407067858e-01 -2.158905683651120455e+00 2.260029521002180353e+00 -4.150477912712067230e-01 2.246980076698001483e+00 3.879454670501171210e-01 0.000000000000000000e+00 0.000000000000000000e+00
7.966865878167408432e-01 1.773840512725281870e+00 3.275904600637681852e-01 -2.156494078181848906e+00 2.261943007117689142e+00 -3.971961611402785586e-01 2.253072448819319007e+00 3.801254427981105577e-01 1.513361938478529067e+00 0.000000000000000000e+00
8.155055664872650212e-01 1.786016886378515744e+00 3.301656939285109171e-01 -2.153860056363741116e+00 2.263630856086872090e+00 -3.792011821315984799e-01 2.258960565445752522e+00 3.724272053471067156e-01 1.531767780925511024e+00 0.000000000000000000e+00
8.343681498517895312e-01 1.797980776004256986e+00 3.329158714031048016e-01 -2.151003326817334305e+00 2.265093493931210400e+00 -3.610649907001236003e-01 2.264642805182117247e+00 3.648527760376236162e-01 1.550127976717875944e+00 0.000000000000000000e+00
-1.320529484761687300e+00 8.532717023041208604e-01 1.809731068050966396e+00 3.358404820141040470e-01 -2.147923634692248118e+00 2.266331382222162016e+00 -3.427897481947976277e-01 2.270117578499460276e+00 3.574041512173822821e-01 1.568439738830745833e+00
-1.307755086027235336e+00 8.722135789234497505e-01 1.821266682480635613e+00 3.389389795604720312e-01 -2.144620761692203725e+00 2.267345017998226631e+00 -3.243776405079866199e-01 2.275383328019306539e+00 3.500833018537620189e-01 1.586700284336238331e+00
-1.294779341525406302e+00 8.911911259066678248e-01 1.832586572934351121e+00 3.422107821342770806e-01 -2.141094526093373585e+00 2.268134933676011489e+00 -3.058308777210809182e-01 2.280438528792511299e+00 3.428921731507184045e-01 1.604906834868532473e+00
-1.281603463697282175e+00 9.102016810016769766e-01 1.843689726892767888e+00 3.456552721480952717e-01 -2.137344782756033013e+00 2.268701696955300662e+00 -2.871516937463207686e-01 3.358326841702459209e-01 1.623056617088251663e+00 0.000000000000000000e+00
-1.268228698474215044e+00 9.292425739416353414e-01 1.854575165831467976e+00 3.492717963691580607e-01 -2.133371423129575284e+00 2.269045910718147763e+00 -2.683423459649066922e-01 3.289067274584696055e-01 1.641146863146102586e+00 0.000000000000000000e+00
-1.254656325085341972e+00 9.483111268800589189e-01 1.865241945371187926e+00 3.530596659602759368e-01 -2.129174375250874718e+00 2.269168212922000993e+00 -2.494051148614514768e-01 3.221161686764418275e-01 1.659174811145681216e+00 0.000000000000000000e+00
-1.240887655859638894e+00 9.674046548267263290e-01 1.875689155422864296e+00 3.570181565275711844e-01 2.269069276486877396e+00 -2.303423036548330471e-01 3.154628462357274565e-01 1.677137705605381557e+00 0.000000000000000000e+00 0.000000000000000000e+00
-1.226924036022551068e+00 9.865204660843049922e-01 1.885915920327507322e+00 3.611465081750539485e-01 2.268749809176585419e+00 -2.111562379255107758e-01 3.089485709388565815e-01 1.695032797919316270e+00 0.000000000000000000e+00 0.000000000000000000e+00
-1.212766843487231627e+00 1.005655862685644664e+00 1.895921398990842333e+00 3.654439255660656416e-01 2.268210553474036661e+00 -1.918492652393616604e-01 3.025751256247191101e-01 1.712857346817192372e+00 0.000000000000000000e+00 0.000000000000000000e+00
-1.198417488640426187e+00 1.024808140831660275e+00 1.905704785012720226e+00 3.699095779916245497e-01 2.267452286450635679e+00 -1.724237547681004290e-01 2.963442648189839601e-01 1.730608618823050282e+00 0.000000000000000000e+00 0.000000000000000000e+00
-1.183877414335579914e+00 1.043974591620051573e+00 1.915265306461938710e+00 3.745425995468329439e-01 2.266475819342496312e+00 -1.528820968545684389e-01 2.902577143678563565e-01 1.748283888821999810e+00 0.000000000000000000e+00 0.000000000000000000e+00
-1.169148094815657846e+00 1.063152500319833882e+00 1.924602227396191356e+00 1.630733168874819894e+00 3.793420888074709452e-01 -1.332267028341580506e-01 2.843171711860353335e-01 1.765880440078528402e+00 0.000000000000000000e+00 0.000000000000000000e+00
-1.154231036756808493e+00 1.082339148550225172e+00 1.933714845882292810e+00 3.843071095252400537e-01 -1.134600043350986603e-01 2.785243027922683079e-01 1.783395565345732070e+00 0.000000000000000000e+00 0.000000000000000000e+00 0.000000000000000000e+00
-1.139127778193250284e+00 2.254924883007721093e+00 1.101531813572999452e+00 1.942602495484917480e+00 3.894366903242913458e-01 -9.358445309042619231e-02 2.728807470665957080e-01 1.800826566887272939e+00 0.000000000000000000e+00 0.000000000000000000e+00
-1.123839888483408433e+00 2.243170770958435867e+00 1.120727769014386643e+00 3.947298249027055839e-01 -7.360252049194435098e-02 2.673881119058674205e-01 1.818170757035442620e+00 0.000000000000000000e+00 0.000000000000000000e+00 0.000000000000000000e+00
-1.108368968064417093e+00 2.231259568157926587e+00 -1.204979486769296670e+00 1.139924285305111029e+00 1.563688253078304280e+00 -5.351669719144341864e-02 2.620479749058643448e-01 1.835425458641543273e+00 0.000000000000000000e+00 0.000000000000000000e+00
-1.092716648201516927e+00 2.219193485553251577e+00 -1.211272854737924787e+00 1.159118630120546278e+00 1.546831264850890841e+00 -3.332949269894266292e-02 2.568618830489571292e-01 1.852588005524625991e+00 0.000000000000000000e+00 0.000000000000000000e+00
-1.076884590732387625e+00 2.206974756878280708e+00 -1.217447834107816984e+00 1.178308068820915988e+00 1.529941416309387625e+00 -1.304343497802039342e-02 2.518313523973736978e-01 1.869655742918487684e+00 0.000000000000000000e+00 0.000000000000000000e+00
-1.060874487806452215e+00 2.194605638273767312e+00 -1.223502313072047487e+00 1.197489864891475131e+00 1.513021431535803929e+00 7.338929961704741996e-03 1.886626027916865400e+00 0.000000000000000000e+00 0.000000000000000000e+00 0.000000000000000000e+00
-2.182786162057329671e-01 -1.044688061619200470e+00 2.182088407903404637e+00 -1.229434199765703895e+00 1.216661280382608012e+00 1.496074035207190178e+00 2.781503847487388006e-02 1.903496229916752380e+00 0.000000000000000000e+00 0.000000000000000000e+00
-2.280139640196226780e-01 -1.028327064141566494e+00 2.169425365565921471e+00 -1.235241422694814961e+00 1.235819576349770132e+00 1.479101952116330887e+00 4.838230969340587967e-02 1.920263731059760559e+00 0.000000000000000000e+00 0.000000000000000000e+00
-2.378069581654718989e-01 -1.011793276844405787e+00 2.156618832303272892e+00 -1.240921931161299563e+00 1.254962013293211331e+00 1.462107906692553527e+00 6.903814594216599321e-02 1.936925926671456466e+00 0.000000000000000000e+00 0.000000000000000000e+00
-2.476549320301911217e-01 -9.950885104181192986e-01 2.143671150005014958e+00 -1.246473695683858018e+00 1.274085851597422270e+00 1.445094622522766548e+00 8.977993315721959078e-02 1.953480225698600137e+00 0.000000000000000000e+00 0.000000000000000000e+00
-2.575552079647163706e-01 -9.782146044874582280e-01 2.130584681008896197e+00 -1.251894708414676538e+00 1.293188351970222305e+00 1.428064821872790491e+00 1.106050413066038407e-01 1.969924051144210653e+00 0.000000000000000000e+00 0.000000000000000000e+00
-2.675050977910441441e-01 -9.611734273215646329e-01 2.117361807697742293e+00 -1.257182983551871525e+00 1.312266775881438585e+00 1.411021225209087016e+00 1.315108248135505031e-01 1.986254840500387253e+00 0.000000000000000000e+00 0.000000000000000000e+00
-2.775019028846319458e-01 -9.439668754846907150e-01 2.104004932202328870e+00 -1.262336557320053565e+00 1.331318385734367338e+00 1.393966550536030802e+00 1.524946231035712030e-01 2.002470046167543316e+00 0.000000000000000000e+00 0.000000000000000000e+00
-2.875429163944173694e-01 -9.265968737558174517e-01 2.090516475551474684e+00 -1.267353490088567902e+00 1.350340446373249792e+00 -2.055179317339888012e+00 1.376903513660447942e+00 8.672592331288970779e-01 2.018567135927757050e+00 0.000000000000000000e+00
-2.976254212000036814e-01 -9.090653744974930284e-01 2.076898877914996611e+00 -1.272231864208751562e+00 1.369330223921926937e+00 -2.070261392415533752e+00 1.359834826606812985e+00 8.792447880278276839e-01 2.034543593302855946e+00 0.000000000000000000e+00
-3.077466921093707786e-01 -8.913743575630250771e-01 2.063154597753330766e+00 -1.276969786097771786e+00 1.388284987274318372e+00 -2.085213444717802567e+00 1.342763197872298475e+00 8.910449154858826049e-01 2.050396918022114878e+00 0.000000000000000000e+00
-3.179039959590266862e-01 -8.735258299303326757e-01 2.049286111503397567e+00 -1.281565386212938140e+00 1.407202008270924232e+00 -2.100033068785512658e+00 1.325691331772124171e+00 9.026586614063263347e-01 2.066124626431843136e+00 0.000000000000000000e+00
-3.280945921294817769e-01 2.035295913154683056e+00 -1.286016819436526681e+00 1.426078562133674232e+00 -2.114717877428656134e+00 1.308621927965510023e+00 9.140851043456640346e-01 2.081724251913245283e+00 0.000000000000000000e+00 0.000000000000000000e+00
-3.383157330617881930e-01 2.021186513822089914e+00 -1.290322265455700945e+00 1.444911927899938942e+00 -2.129265502098002028e+00 1.291557680982653444e+00 9.253233556307997043e-01 4.343615884577649022e-01 2.097193345297557965e+00 0.000000000000000000e+00
-3.485646647750451632e-01 2.006960441315628341e+00 -1.294479929137435370e+00 -2.143673593251696374e+00 1.274501279752818128e+00 9.363725594706067135e-01 4.432383891842332502e-01 2.112529475278374758e+00 0.000000000000000000e+00 0.000000000000000000e+00
-3.588386273847641306e-01 1.992620239707011187e+00 -1.298488040898353901e+00 -2.157939820718796309e+00 1.257455407133608372e+00 9.472318930619002542e-01 4.520849443912322019e-01 -1.961425500438066072e+00 2.127730228821090197e+00 0.000000000000000000e+00
-3.691348556219986032e-01 1.978168468893244381e+00 -1.302344857069406503e+00 -2.172061874059731501e+00 1.240422739441546129e+00 9.579005666898072757e-01 4.608986950176642838e-01 -1.946182061756051684e+00 2.142793211569418155e+00 0.000000000000000000e+00
-3.794505793531315341e-01 1.963607704157261935e+00 -1.306048660255290095e+00 -2.186037462923591690e+00 1.223405945984005205e+00 9.683778238225264623e-01 4.696770877958043600e-01 -1.930827888904921075e+00 2.157716048248882412e+00 0.000000000000000000e+00
-3.897830241002247509e-01 1.948940535725692147e+00 -1.309597759688537533e+00 -2.199864317402255853e+00 1.206407688592614491e+00 9.786629412004691497e-01 4.784175757211847624e-01 -1.915365436387646669e+00 2.172496383067242576e+00 0.000000000000000000e+00
-4.001294115618231895e-01 1.934169568323830912e+00 -1.312990491578188257e+00 -2.213540188381272422e+00 1.189430621158200196e+00 4.871176185209041276e-01 -1.899797173407072881e+00 2.187131880111772730e+00 0.000000000000000000e+00 0.000000000000000000e+00
-4.104869601341174512e-01 1.919297420727887671e+00 -1.316225219452966000e+00 -7.771271386214479993e-01 -2.227062847887467445e+00 4.957746831202762827e-01 -1.884125583499294265e+00 0.000000000000000000e+00 0.000000000000000000e+00 0.000000000000000000e+00
-4.208528854323603796e-01 1.904326725314585467e+00 -1.319300334498875182e+00 -7.932017332952239208e-01 -7.645305246098736685e-02 9.595939625758019842e-01 -2.240430089433234517e+00 5.043862441077356928e-01 -1.868353164164519020e+00 0.000000000000000000e+00
-4.312244011184641623e-01 1.889260127492351282e+00 -8.090949475858848494e-01 -9.655773836760397910e-02 9.413355094933314460e-01 -2.253639728019617205e+00 5.129497845692151392e-01 -1.852482426653630387e+00 0.000000000000000000e+00 0.000000000000000000e+00
-4.415987181952252816e-01 1.874100285710462721e+00 -8.248049727041505408e-01 -1.167533558215482353e-01 9.229508420117764622e-01 -2.266689601828882239e+00 -1.654529095084728230e+00 5.214627950601105066e-01 -1.836515894959843243e+00 0.000000000000000000e+00
-1.468474958023339161e-01 -8.403300324491266293e-01 -1.370373111096429286e-01 9.044421021126294313e-01 -2.279577570534052633e+00 5.299227762894308524e-01 -1.820456106389990447e+00 0.000000000000000000e+00 0.000000000000000000e+00 0.000000000000000000e+00
-8.556683838273522191e-01 -1.574069934841874907e-01 8.858114514799870776e-01 -2.292301516964649455e+00 5.383272381095659531e-01 -1.804305610560759110e+00 0.000000000000000000e+00 0.000000000000000000e+00 0.000000000000000000e+00 0.000000000000000000e+00
-1.499330964321272108e-01 -8.708183172830683549e-01 -1.778597758489027236e-01 8.670610707571181353e-01 -2.304859347105532308e+00 -1.713366683729323325e+00 5.466737003319538379e-01 -1.788066969171269394e+00 0.000000000000000000e+00 0.000000000000000000e+00
-1.517637109040786969e-01 -8.857781569980165415e-01 -1.983930151985151824e-01 8.481931591848662633e-01 -2.317248990420412991e+00 -1.732824712904574183e+00 5.549596931797583510e-01 -1.771742755619717835e+00 -4.164386139058484648e-01 0.000000000000000000e+00
1.834340464905701851e-01 -1.537862465358381114e-01 -9.005462611851620114e-01 -2.190040530608658720e-01 8.292099342375560678e-01 -2.329468400171789355e+00 -1.752200444818170944e+00 5.631827577382121364e-01 -1.755335554617791560e+00 -4.210968653663249572e-01
1.856197603493116577e-01 -1.560006904267689509e-01 -9.151210223762790141e-01 -2.396902159414657785e-01 8.101136312564611863e-01 -2.341515553737251398e+00 -1.771490865136521542e+00 5.713404464025380047e-01 -1.738847961802896913e+00 -4.259189887893349846e-01
1.876362940727095419e-01 -1.584069923206118391e-01 -9.295008677033327338e-01 -2.604488157704174522e-01 7.909065030808988261e-01 -2.353388452922116070e+00 -1.790692969562883929e+00 5.794303233233698558e-01 -4.309040168671679494e-01 0.000000000000000000e+00
1.894825561804751590e-01 -1.876633378926496398e+00 -1.610050646114473683e-01 -9.436842591736096519e-01 -2.812771503516265370e-01 7.715908196770183691e-01 -2.365085124268371253e+00 -1.809803764380238045e+00 5.874499648495964399e-01 -4.360509492453500946e-01
1.911574893050847213e-01 -1.875937762802385667e+00 -1.637947823562305172e-01 -9.576696939385244134e-01 -3.021725038142217268e-01 7.521688677643518783e-01 -2.376603619359876962e+00 -1.828820266992671639e+00 5.953969599685456915e-01 -4.413587527033642766e-01
1.926600703498387024e-01 -1.875040482474734205e+00 -1.667759832938928433e-01 -9.714557045560547888e-01 -3.231321470661039363e-01 7.326429504401821280e-01 -2.387942015123791784e+00 -1.847739506465176040e+00 6.032689107434332509e-01 -4.468263613413527291e-01
1.939893106399492029e-01 -1.873942552838450348e+00 -1.699484678710068419e-01 -9.850408592467485569e-01 -3.441533382495476356e-01 7.130153868018065388e-01 -2.399098414128196133e+00 -1.866558524061758595e+00 6.110634327479995687e-01 -4.524526767727659049e-01
