5.014625193923917479e+00
4.626653905975603109e+00
4.218459550456572948e+00
3.791933827881551533e+00
3.349067842801121575e+00
2.891920932524570720e+00
2.422615110975645081e+00
1.943333389142198886e+00
1.456300779291109126e+00
9.637735160561874403e-01
4.680289344777883165e-01
-2.864774803057322516e-02
-5.239744790821988518e-01
-1.015683888075989527e+00
-1.501534536676335296e+00
-1.979322261299315322e+00
-2.446891129688961719e+00
-2.902144249872521620e+00
-3.343054356728977439e+00
-3.767673312359369753e+00
-4.174141064088271236e+00
-4.560694012712757761e+00
-4.925672367686521724e+00
-5.267526254746090153e+00
-5.584820746977236183e+00
-5.876240612841084676e+00
-6.140595960998020075e+00
-6.376826843937762668e+00
-6.584004922579696384e+00
-6.761335613599723793e+00
-6.908158012118094327e+00
-7.023948152983234827e+00
-7.108320451275099927e+00
-7.161024679189034181e+00
-7.181949846315590413e+00
-7.171123043894292337e+00
-7.128703967177398404e+00
-7.054985986185820401e+00
-6.950394240706483373e+00
-6.815482747913546469e+00
-6.650934368295366994e+00
-6.457557443097104333e+00
-6.236281039437485241e+00
-5.988152087291260806e+00
-5.714331412909624319e+00
-5.416090135110213311e+00
-5.094805609514468259e+00
-4.751954901490531569e+00
-4.389108801965720730e+00
-4.007925197967526998e+00
-3.610142378096890869e+00
-3.197572026972460346e+00
-2.772091443442758596e+00
-2.335635834979225223e+00
-1.890189861665077409e+00
-1.437778581767234387e+00
-9.804577697828806837e-01
-5.203035021683489747e-01
-5.940189541496351811e-02
4.001604449227024740e-01
8.563066322502355110e-01
1.306979708705540810e+00
1.750153138245877038e+00
2.183841119498770134e+00
2.606107618162881945e+00
3.015075895190143740e+00
3.408937753790203917e+00
3.785961805935285973e+00
4.144501457171474890e+00
4.483002132930617556e+00
4.800007411657977840e+00
5.094166758998714961e+00
5.364243056417564048e+00
5.609115217796460051e+00
5.827783299967761010e+00
6.019372502602694297e+00
6.183135229888995887e+00
6.318453616565699704e+00
6.424842466950971165e+00
6.501950031629861293e+00
6.549557926619601567e+00
6.567581949779166983e+00
6.556072301943727254e+00
6.515214164265330510e+00
6.445324605145695607e+00
6.346852115073187584e+00
6.220375232908410545e+00
6.066596657788486446e+00
5.886340185448805329e+00
5.680547257922710536e+00
5.450274177358110705e+00
5.196687466746464423e+00
4.921058851526436406e+00
4.624759391419146937e+00
4.309250566690389306e+00
3.976077459022197669e+00
3.626863584536231588e+00
3.263300806135658760e+00
2.887146888648767451e+00
2.500215410410585815e+00
2.104358556280694348e+00
1.701458946160727237e+00
1.293425053519217105e+00
8.821847641774489546e-01
4.696689856346765168e-01
5.779772286946507909e-02
-3.515255262536506331e-01
-7.564226053473223077e-01
-1.155050802614713490e+00
-1.545612783385702294e+00
-1.926365462445098542e+00
-2.295627803695456048e+00
-2.651790217022662155e+00
-2.993321949798831039e+00
-3.318777784867897207e+00
-3.626802618286577573e+00
-3.916136492855073925e+00
-4.185620532663763882e+00
-4.434201547542028443e+00
-4.660934568013834323e+00
-4.864986062126335220e+00
-5.045634965742143763e+00
-5.202275608383073902e+00
-5.334417368152625905e+00
-5.441683283381257397e+00
-5.523810872293947405e+00
-5.580652997289593742e+00
-5.612174994580857224e+00
-5.618453899235549720e+00
-5.599678747746306584e+00
-5.556146269954534311e+00
-5.488255794784075547e+00
-5.396510281934990161e+00
-5.281511470742883851e+00
-5.143957000450431138e+00
-4.984638079423048040e+00
-4.804434092679141344e+00
-4.604309893754878757e+00
-4.385311527955834343e+00
-4.148561797824703135e+00
-3.895256438682670463e+00
-3.626657729445937228e+00
-3.344088418535283047e+00
-3.048926608477116051e+00
-2.742599848889246239e+00
-2.426578923648308184e+00
-2.102371122508457812e+00
-1.771513233128952702e+00
-1.435563737627318703e+00
-1.096096094300266888e+00
-7.546913073055356858e-01
-4.129299274196883696e-01
-7.238542386648078031e-02
2.653838821411533266e-01
5.988428596234514067e-01
9.264873130836392967e-01
1.246852118339280224e+00
1.558518129072942182e+00
1.860118578794398125e+00
2.150346529124591566e+00
2.427960207281395277e+00
2.691788340365858900e+00
2.940736409562761278e+00
3.173792176870397608e+00
3.390029727140229543e+00
3.588611780174316035e+00
3.768793063987168068e+00
3.929922735322624483e+00
4.071446061000704830e+00
4.192907455491178936e+00
4.293950595433353890e+00
4.374320008941791293e+00
4.433862274862760522e+00
4.472524625329848291e+00
4.490351610479879518e+00
4.487483754692910054e+00
4.464157080978651493e+00
4.420702317379379132e+00
4.357542350682154009e+00
4.275188137235940822e+00
4.174236971834703880e+00
4.055369756158166972e+00
3.919345842734274221e+00
3.766998042389408941e+00
3.599228666482287231e+00
3.417004787361956453e+00
3.221353308894161938e+00
3.013356514163564537e+00
2.794146810081600929e+00
2.564901577850478009e+00
2.326835370686657356e+00
2.081195255511780307e+00
1.829254251942694420e+00
1.572297476200859689e+00
1.311624580021788722e+00
1.048540397201337404e+00
7.843472917409324285e-01
5.203380984543453103e-01
2.577892189277707358e-01
-2.047293931693161366e-03
