4.283449303658235507e-01 1.575591894614784882e+00 -2.377615222249576998e+00 -3.632598884884663537e-01 -6.486827090046611843e-01 2.694479697559832410e+00 -2.602812369488705535e+00 -2.310608319787306741e-01 2.002913146144990275e+00 0.000000000000000000e+00
1.570152202487988147e+00 -2.381406477498318353e+00 -3.832495662387858104e-01 -6.697100278363879999e-01 2.693715842694038187e+00 -2.596648623242687304e+00 -2.298134311476620617e-01 2.006870582470309916e+00 0.000000000000000000e+00 0.000000000000000000e+00
1.564490127010181864e+00 -2.384958139343713146e+00 -4.031279193874023892e-01 -6.907385283062861259e-01 2.692707975798493525e+00 -2.590259834416703377e+00 -2.283781893154294140e-01 2.010637193213590024e+00 0.000000000000000000e+00 0.000000000000000000e+00
1.558605568481250758e+00 -2.388270301902420290e+00 -4.228925358389426514e-01 -7.117655503022415342e-01 -2.583647413148882244e+00 -2.267562175740412411e-01 2.014211538134186075e+00 0.000000000000000000e+00 0.000000000000000000e+00 0.000000000000000000e+00
3.520741900665532720e-01 1.552498464483527130e+00 -2.391343097188209477e+00 -4.425410241210418483e-01 -7.327884295403752635e-01 -2.249486595656841059e-01 2.017592206868212390e+00 0.000000000000000000e+00 0.000000000000000000e+00 0.000000000000000000e+00
3.354121032718213602e-01 1.546168789953145994e+00 -2.394176695062208537e+00 -4.620710137744166168e-01 -7.538044979969769077e-01 -2.229566912364647768e-01 2.020777819196063696e+00 0.000000000000000000e+00 0.000000000000000000e+00 0.000000000000000000e+00
3.185876984033731985e-01 1.539616557245102157e+00 -2.396771303176754131e+00 -4.814801557392051623e-01 -7.748110843421951444e-01 -1.537105708837674278e+00 -2.207815205857632523e-01 2.023767025304961553e+00 0.000000000000000000e+00 0.000000000000000000e+00
3.016029522415696329e-01 1.532841816175251504e+00 -2.399127166738395989e+00 -5.007661226528948850e-01 -7.958055145126183838e-01 1.248868796125875091e+00 -1.550782536454014426e+00 -2.184243873242173173e-01 2.026558505947147815e+00 0.000000000000000000e+00
2.844598725260209515e-01 1.525844654139705270e+00 -2.401244569138739404e+00 -5.199266095683755529e-01 -8.167851115980258037e-01 1.226947883387921268e+00 -1.564257824995375579e+00 -2.158865629635432770e-01 2.029150973090643184e+00 0.000000000000000000e+00
2.671604975681189376e-01 1.518625196060608307e+00 -2.403123830833735042e+00 -5.389593338216553953e-01 -8.377471971020702401e-01 1.204989909979613305e+00 -1.577530168293878043e+00 -2.131693500315038625e-01 2.031543169571376595e+00 0.000000000000000000e+00
2.497068959657738341e-01 1.511183604491726840e+00 -2.404765309951567342e+00 -5.578620357370143168e-01 -8.586890908401483280e-01 1.182997988347120444e+00 -1.590598195770301260e+00 -2.102740821482110833e-01 2.033733869727780252e+00 0.000000000000000000e+00
2.321011662586804913e-01 1.503520079635280338e+00 -2.406169402035288396e+00 -5.766324789115228056e-01 -8.796081115141453077e-01 1.160975231503688532e+00 -1.603460572436907983e+00 -2.072021236698093349e-01 2.035721879541170676e+00 0.000000000000000000e+00
2.143454365882904999e-01 1.495634859368533354e+00 -2.407336539948659482e+00 -5.952684505776572044e-01 -9.005015771552229431e-01 1.138924752494111958e+00 -1.616115999132043068e+00 -2.039548694126644413e-01 2.037506036867345216e+00 0.000000000000000000e+00
1.964418643519829366e-01 1.487528219263885232e+00 -6.137677619617500913e-01 -9.213668055678675417e-01 1.116849663860279840e+00 -1.628563212747689892e+00 -2.005337443735583369e-01 2.039085211662868158e+00 0.000000000000000000e+00 0.000000000000000000e+00
1.783926358514857369e-01 1.479200472602424377e+00 -6.321282486382160393e-01 -9.422011147751280236e-01 1.094753077107884831e+00 -1.640800986449927779e+00 -1.969402034459455664e-01 2.040458306205988226e+00 0.000000000000000000e+00 0.000000000000000000e+00
1.601999659356078409e-01 -3.287805830037550114e-01 1.470651970380941531e+00 -6.503477708794878076e-01 -9.630018234649602160e-01 1.072638102174384267e+00 -1.652828129892227160e+00 -1.931757311323275828e-01 2.041624255312159519e+00 0.000000000000000000e+00
1.418660976373430360e-01 -3.190704937836701394e-01 1.461883101312356770e+00 -6.684242140016174449e-01 -9.837662514376105394e-01 1.050507846898321107e+00 -1.664643489421566036e+00 -1.892418412528035221e-01 0.000000000000000000e+00 0.000000000000000000e+00
1.233933018054030883e-01 -3.094056329315333920e-01 1.452894291819559536e+00 -6.863554887054702514e-01 -1.004491720053963144e+00 1.028365416490085282e+00 -1.676245948277299114e+00 0.000000000000000000e+00 0.000000000000000000e+00 0.000000000000000000e+00
1.047838767302450985e-01 -2.997885873669222656e-01 1.443686006022627533e+00 -7.041395314134706318e-01 -1.025175552684764568e+00 1.006213913004220251e+00 1.947130133960771170e+00 -2.932352040986944131e-01 -1.687634426782743446e+00 0.000000000000000000e+00
8.604014776465387926e-02 -2.902219341124750995e-01 1.434258745719418915e+00 -7.217743046018291198e-01 -1.045815075160660745e+00 9.840564348133583605e-01 1.929790031343548984e+00 -2.869021715119787763e-01 -1.698807882529446811e+00 0.000000000000000000e+00
6.716446693894516373e-02 -2.807082398325871364e-01 2.321397788260266548e+00 1.424613050359502919e+00 -7.392577971282058291e-01 -1.066407616222960097e+00 9.618960760838782820e-01 1.912325331310309240e+00 -2.806850538487113411e-01 -1.709765310554087758e+00
4.815921257085423179e-02 -2.712500603737862392e-01 2.329194156072824207e+00 1.414749497011431378e+00 -7.565880245547542682e-01 -1.086950507975044555e+00 9.397359262533796498e-01 1.894738585490670202e+00 -2.745856776016116219e-01 -1.720505743507978025e+00
2.902678915021304415e-02 -2.618499403151263172e-01 2.336795435927118803e+00 -7.737630295928196178e-01 -1.107441086199376423e+00 9.175790696597452278e-01 1.877032362905424856e+00 -2.686058448710650914e-01 -1.731028251898510506e+00 0.000000000000000000e+00
9.769625815258179205e-03 -2.525104124790122362e-01 2.344199848183615487e+00 -7.907808819098997022e-01 8.954285844221521184e-01 1.859209251048331124e+00 -2.627473329107047340e-01 -1.741331943925391146e+00 0.000000000000000000e+00 0.000000000000000000e+00
-9.609822374937789652e-03 -2.432339975265933596e-01 2.351405642191535694e+00 -8.076396791955304799e-01 3.827460468485316403e-01 8.732875428215034486e-01 1.841271853248458656e+00 -2.570118939922349521e-01 -1.751415966103396782e+00 -2.237782382833747974e+00
-2.910907595780849386e-02 -2.340232034729809452e-01 2.358411098003360795e+00 -8.243375469660797483e-01 3.726206648665304488e-01 8.511590101945043507e-01 1.823222789723615511e+00 -2.514012549625525561e-01 -1.761279503088249321e+00 -2.247719111340560794e+00
-4.872563121088441251e-02 -2.248805252452188153e-01 2.365214526339423973e+00 -8.408726389866396644e-01 3.625738869834399525e-01 8.290460445669614042e-01 1.805064696801590873e+00 -2.459171169605544327e-01 -1.770921777885742010e+00 -2.257485255460495388e+00
-6.845696057235248211e-02 -2.158084442343725651e-01 2.371814268891545563e+00 -8.572431375652479479e-01 3.526082383533225562e-01 8.069516961439852087e-01 1.786800226499238642e+00 -2.405611551083894906e-01 -1.780342051976147477e+00 -2.267078731691956950e+00
-8.830051306644934317e-02 -2.068094278498446015e-01 2.378208698621390838e+00 -8.734472538421267362e-01 3.427262284979243900e-01 7.848790068026120226e-01 1.768432046098547650e+00 -2.353350182077491304e-01 -1.789539625431022740e+00 -2.276497480972796250e+00
-1.978859290759941714e-01 2.384396220053488058e+00 -8.894832280738952379e-01 3.329303508591381355e-01 7.628310095869266227e-01 1.749962837719771569e+00 -2.302403284412477547e-01 -1.798513837022362560e+00 -2.285739469057461282e+00 0.000000000000000000e+00
2.177039566946356697e+00 -1.890403860311336004e-01 2.390375269562853511e+00 -9.053493299126976757e-01 3.232230823537492470e-01 7.408107282057628806e-01 1.731395297891646035e+00 -2.252786810789458583e-01 -1.807264064324094921e+00 -2.294802686890527355e+00
2.192475635944469037e+00 -1.802752215289850912e-01 2.396144315657187551e+00 -9.210438586802157657e-01 3.136068829305460604e-01 7.188211765330720926e-01 1.712732137118805564e+00 -2.204516441900668255e-01 -1.815789723805903755e+00 -2.303685150976567009e+00
2.207770945589174971e+00 -1.715928426426676645e-01 2.401701859253578153e+00 -9.365651436365061144e-01 3.040841951298662860e-01 6.968653581110322293e-01 1.693976079446414262e+00 -2.157607583599556178e-01 -1.824090270919345169e+00 -2.312384903746251830e+00
2.222922820391928234e+00 -1.629956402712946784e-01 2.407046433949665332e+00 -9.519115442436306695e-01 2.946574436456594337e-01 6.749462656559825913e-01 1.675129862022117333e+00 -2.112075364123293941e-01 -1.832165200176246289e+00 -2.320900013918637761e+00
2.237928605582584662e+00 -1.544859887092552286e-01 2.412176606289232694e+00 -9.670814504240273779e-01 2.853290348901433293e-01 1.656196234655343380e+00 -2.067934631368655851e-01 -1.840014045219389827e+00 -2.329228576859569522e+00 0.000000000000000000e+00
2.252785667635801570e+00 -1.460662452182554250e-01 2.417090976022154614e+00 -9.820732828135871895e-01 2.761013565611277198e-01 1.637177959374048308e+00 -2.025199950221745759e-01 -1.847636378885440189e+00 6.247825919764419395e-02 -2.337368714936106873e+00
2.267491394793567316e+00 -1.377387496021948432e-01 2.421788176358678157e+00 -9.968854930093868916e-01 2.669767772120845151e-01 1.618077809978947901e+00 -1.983885599942007416e-01 -1.855031813260131779e+00 5.263599461935466323e-02 -2.345318577866932319e+00
2.282043197212638042e+00 -1.295058237688324621e-01 2.426266874639044779e+00 -1.011516563690773252e+00 2.579576460917801239e-01 1.598898571901753218e+00 -1.944005572586135211e-01 -1.862199999752490065e+00 4.282799975588339608e-02 -2.353076343016482941e+00
2.296438508967293401e+00 -1.213697713752061175e-01 2.430525770887500769e+00 2.490462916502295676e-01 -1.905573566550703701e-01 -1.869140629027000289e+00 3.305694229148511964e-02 -2.360640215946355536e+00 0.000000000000000000e+00 0.000000000000000000e+00
2.310674786335733089e+00 -1.133328773148648133e-01 2.434563600572444475e+00 2.402450227158706153e-01 -1.539218670933033328e+00 -1.868602990025100274e-01 -1.875853431196092380e+00 2.332548383094474459e-02 -2.368008430440548651e+00 -7.813094932318573882e-01
2.324749509772329858e+00 -1.053974073685249313e-01 2.438379133173589786e+00 2.315561270232540103e-01 -1.519560866390119447e+00 -1.833106954703724034e-01 -1.882338175738339947e+00 1.363627931843152188e-02 -2.375179249045257457e+00 -7.612406538374933973e-01
2.338660184048338753e+00 -9.756560777856858324e-02 2.441971172816283620e+00 2.229818710571211671e-01 -1.499851464960334946e+00 -1.799098274404872244e-01 -1.888594671540837266e+00 3.991976600829581778e-03 -2.382150963347414940e+00 -7.412115227007646245e-01
2.352404338748511847e+00 -8.983970484247671973e-02 2.445338558490794068e+00 2.145244996405208660e-01 -1.480093391418967119e+00 -1.894622766907759104e+00 -5.604784036591348682e-03 -2.388921894299490756e+00 -7.212248322618662888e-01 0.000000000000000000e+00
2.365979528762978124e+00 -8.222190450961089359e-02 2.448480164265611325e+00 2.061862355261833979e-01 -1.460289573491769355e+00 -1.515137033370884435e-02 -3.272203181667942551e-01 -2.395490392539793234e+00 -7.012833042495040248e-01 0.000000000000000000e+00
2.379383334774272107e+00 -7.471439198141285876e-02 2.451394899494717894e+00 1.979692789912265993e-01 -1.440442941350640105e+00 -1.706119986172080494e-01 -2.464515851821029446e-02 -3.320242940316430746e-01 -2.401854838708200823e+00 -6.813896492319875264e-01
2.392613363739366950e+00 -6.731933131509439117e-02 2.454081709018782309e+00 1.898758074352629444e-01 -1.420556427109669118e+00 -1.678182827970483570e-01 -3.408353376730972190e-02 -3.369900256853882170e-01 -2.408013643757273226e+00 -6.615465661703707756e-01
2.405667249366626237e+00 -6.003886503088646381e-02 1.819079749819847713e-01 -1.400632964321658180e+00 -4.346389066844513066e-02 -3.421163365278317992e-01 1.549190586639302314e+00 -2.413965249258659185e+00 -6.417567419737171264e-01 0.000000000000000000e+00
2.418542652587539976e+00 1.740679120842954508e-01 -1.380675487475189644e+00 -5.278363367888104507e-02 -3.474020184498257113e-01 1.561152237509519924e+00 -2.419708127704759626e+00 -6.220228510565611879e-01 0.000000000000000000e+00 0.000000000000000000e+00
2.431237262023126178e+00 -4.583017567379360502e-02 1.663577251330604911e-01 -1.360686931492347762e+00 -6.204017758414121647e-02 -3.528458320402297343e-01 1.572895444428818790e+00 -2.425240782805560436e+00 -6.023475548986381156e-01 0.000000000000000000e+00
2.443748794444904338e+00 1.587794960695493307e-01 -1.340670231227171882e+00 -7.123094795519738232e-02 -3.584465067981764674e-01 1.584419171754921862e+00 -2.430561749780588698e+00 -5.827335016069568052e-01 0.000000000000000000e+00 0.000000000000000000e+00
2.456074995230293823e+00 1.513352820016387601e-01 -1.320628320964929658e+00 -8.035338160433794230e-02 -3.642027413506095379e-01 1.595722420657328389e+00 -2.435669595645927998e+00 -5.631833254802873778e-01 0.000000000000000000e+00 0.000000000000000000e+00
1.440271148238493060e-01 -1.300564133922305521e+00 -1.312375800187549402e+00 -8.940492703964221521e-02 -3.701132036750603427e-01 1.606804229268169903e+00 -2.440562919496217731e+00 -5.436996465761350095e-01 0.000000000000000000e+00 0.000000000000000000e+00
1.368570006192701138e-01 -1.280480601841057053e+00 -1.298118425664828157e+00 -9.838304500461537982e-02 -3.761765312907618952e-01 1.617663672735462743e+00 -2.445240352825719388e+00 -5.242850703652919275e-01 0.000000000000000000e+00 0.000000000000000000e+00
1.298269201779185256e-01 -1.260380654119404920e+00 -1.283678340391676498e+00 -1.072852085821958124e-01 -3.823913316396682083e-01 1.628299863727290075e+00 -2.449700559623176233e+00 -5.049421869630098536e-01 0.000000000000000000e+00 0.000000000000000000e+00
-3.320490831730738002e-01 1.229388272982980673e-01 -1.240267217869596594e+00 -1.269056853165911436e+00 -1.161089041637161645e-01 -3.887561821038081344e-01 1.638711952016677298e+00 -2.453942236902825424e+00 -4.856735712133233296e-01 0.000000000000000000e+00
1.161946493008328835e-01 -1.220143217057173102e+00 -1.254255302786779547e+00 -1.248516315546993882e-01 -3.952696303943581957e-01 1.648899124967598828e+00 -2.457964114791430621e+00 -4.664817819307010560e-01 0.000000000000000000e+00 0.000000000000000000e+00
-3.507111730812443873e-01 -1.200011572096848500e+00 -5.764171320231893381e-01 -1.239275057707789784e+00 -1.335109045053979870e-01 -4.019301947642580641e-01 1.658860607565239009e+00 -2.461764956827235284e+00 -4.473693615631159082e-01 0.000000000000000000e+00
-3.601558427866806134e-01 -1.179875199359974314e+00 -5.850407288115884175e-01 -1.224117515891175678e+00 -1.420842511553200571e-01 -4.087363642616618220e-01 1.668595662528467027e+00 -2.465343560210681240e+00 -4.283388357754177034e-01 0.000000000000000000e+00
-3.696730303353272240e-01 -1.159737010683506098e+00 -5.936230926136842889e-01 -1.208784104657697700e+00 -1.505692144758316864e-01 -4.156865989883703483e-01 1.678103590415854773e+00 -2.468698756049719112e+00 -4.093927130356823096e-01 0.000000000000000000e+00
-3.792602925969207339e-01 -1.139599912880565391e+00 -6.021617198197800613e-01 -1.193276280531773592e+00 -1.589633527107593980e-01 -4.227793303632017552e-01 1.687383729725222326e+00 -2.471829409599651584e+00 -3.905334842046000454e-01 0.000000000000000000e+00
-3.889151716395130576e-01 -1.119466807252666785e+00 -6.106541129265942169e-01 -1.177595529081932879e+00 -4.300129613902598513e-01 1.696435456986679080e+00 -2.474734420497429088e+00 -3.717636221279709274e-01 0.000000000000000000e+00 0.000000000000000000e+00
-3.986351951558529949e-01 -1.099340589103698695e+00 -6.190977809989902658e-01 -1.161743364756602004e+00 -4.373858669320603298e-01 1.705258186849175184e+00 -2.477412722990381955e+00 -3.530855812323750453e-01 0.000000000000000000e+00 0.000000000000000000e+00
-4.084178768923593106e-01 -1.079224147255742894e+00 -6.274902401307462796e-01 -1.145721330715208985e+00 -4.448963939874680529e-01 1.713851372160520858e+00 -3.345017971240845100e-01 0.000000000000000000e+00 0.000000000000000000e+00 0.000000000000000000e+00
-4.182607170806227903e-01 -1.059120363566802281e+00 -6.358290139042915845e-01 -1.129530998654609597e+00 1.396626586729745156e+00 -4.525428619744052416e-01 1.722214504040884497e+00 -3.160146861912798699e-01 0.000000000000000000e+00 0.000000000000000000e+00
-4.281612028713639995e-01 -1.039032112450523959e+00 2.036072300347425479e+00 -6.441116338493177995e-01 -1.113173968630833288e+00 -4.603235630172865522e-01 1.730347111949741112e+00 -2.976266452096399395e-01 0.000000000000000000e+00 0.000000000000000000e+00
-4.381168087707789649e-01 -1.018962260397997532e+00 2.028644918501337546e+00 -6.523356399001783990e-01 -1.096651868876152180e+00 1.738248763746277126e+00 -2.793400509513658814e-01 0.000000000000000000e+00 0.000000000000000000e+00 0.000000000000000000e+00
-4.481249970792027804e-01 -9.989136655017017974e-01 2.021054995058678028e+00 -6.604985808519981960e-01 -1.079966355611462037e+00 1.745919065743229748e+00 -2.611572597977065979e-01 0.000000000000000000e+00 0.000000000000000000e+00 0.000000000000000000e+00
-2.134346822050424031e+00 -9.788891769333268877e-01 2.013304530852463525e+00 -6.685980148959863589e-01 -1.063119113125978066e+00 1.476362572671411799e+00 -2.430806072017324404e-01 0.000000000000000000e+00 0.000000000000000000e+00 0.000000000000000000e+00
-2.124011524019765673e+00 -4.682889115085942522e-01 -9.588916346661934265e-01 2.005395549860163218e+00 -6.766315097494959296e-01 -1.046111852489399752e+00 1.496128902067702215e+00 -1.766006254924605390e+00 -2.251124079229595565e-01 0.000000000000000000e+00
-2.113519704917899755e+00 -4.784395054261133540e-01 -9.389238687163611319e-01 1.997330099947890236e+00 -6.845966435906345460e-01 -1.028946312980089095e+00 1.515822507639836836e+00 -1.749182658449040417e+00 -2.072549547320303720e-01 0.000000000000000000e+00
-2.102873603898497645e+00 -4.886324177551374937e-01 -9.189886988670340484e-01 1.989110251717673528e+00 -6.924910051898903740e-01 -1.011624260803910991e+00 1.535440576621642128e+00 -1.732289796838460294e+00 -1.895105186437434364e-01 0.000000000000000000e+00
-2.092075482075396842e+00 -4.988650564223913730e-01 -8.990889341574411775e-01 1.980738098288447047e+00 -7.003121944367900475e-01 -9.941474891474785247e-01 1.554980306027671233e+00 -1.715330542654140755e+00 -1.718813483990676294e-01 0.000000000000000000e+00
-2.081127622125797938e+00 -5.091348198251431922e-01 -8.792273724212914532e-01 1.972215754888520856e+00 -7.080578227864603447e-01 -9.765178179624767196e-01 1.574438903150539470e+00 -1.698307774511057522e+00 -1.543696700999817595e-01 0.000000000000000000e+00
-2.070032327890106938e+00 -5.194390972841302911e-01 1.963545358444611644e+00 -7.157255137043038173e-01 -9.587370937453101316e-01 1.593813586056376463e+00 -1.681224376586121894e+00 -1.369776868482543153e-01 0.000000000000000000e+00 0.000000000000000000e+00
-2.058791923968511739e+00 -5.297752694982448274e-01 1.954729067167497947e+00 -7.233129031086990013e-01 -9.408071893120760754e-01 1.613101584078290740e+00 -1.664083238126004227e+00 -1.197075783882193267e-01 0.000000000000000000e+00 0.000000000000000000e+00
-2.047408755314338524e+00 -5.401407090009033851e-01 2.037250409759388425e+00 1.945769060134395101e+00 -7.308176398116463801e-01 -9.227300035688678070e-01 1.632300138307766435e+00 -1.646887252954608138e+00 -1.025615007536078427e-01 0.000000000000000000e+00
-2.035885186824278215e+00 -5.505327806180339012e-01 2.021921657189572841e+00 1.936667536868142525e+00 -7.382373859572746166e-01 -9.045074612774162137e-01 1.651406502083883510e+00 -1.629639318980312890e+00 -8.554158591849345128e-02 0.000000000000000000e+00
-2.024223602925527832e+00 -5.609488419276028592e-01 2.006478011921358995e+00 1.927426716913285487e+00 -7.455698174581251170e-01 -8.861415128160742283e-01 1.670417941480264012e+00 -1.612342337703039474e+00 -6.864994145240901902e-02 0.000000000000000000e+00
-2.012426407159941366e+00 -5.713862437206094214e-01 1.990922148183431828e+00 1.918048839409137951e+00 -7.528126244291312164e-01 -8.676341339361484106e-01 1.689331735789662892e+00 -1.594999213721231435e+00 -5.188865017968858490e-02 0.000000000000000000e+00
-2.000496021765239885e+00 -5.818423304634761095e-01 1.975256754864641584e+00 1.908536162659925983e+00 -7.599635116192140494e-01 -8.489873255135899077e-01 1.708145178006088560e+00 -1.577612854238841900e+00 0.000000000000000000e+00 0.000000000000000000e+00
-1.988434887253361927e+00 -5.923144407617572105e-01 1.959484535039700326e+00 1.898890963702087431e+00 -7.670201988404046212e-01 -8.302031132960541182e-01 1.726855575304377499e+00 -1.560186168572393450e+00 3.266007776897791315e-01 0.000000000000000000e+00
-1.976245461986019913e+00 -6.027999078250938503e-01 1.943608205492620700e+00 1.889115537868832018e+00 -7.739804213944220246e-01 -8.112835476453308381e-01 1.745460249517106766e+00 -1.542722067658202301e+00 3.371681468673063953e-01 0.000000000000000000e+00
-1.963930221508003005e+00 -6.132960601049880500e-01 1.927630496019199446e+00 1.879212198164072811e+00 -7.808419304412147488e-01 -7.922307030197134337e-01 1.763956538035889698e+00 -1.525223463820953418e+00 3.477574320319438694e-01 0.000000000000000000e+00
-1.951491659078094631e+00 -6.238002210735897890e-01 1.911554149823710302e+00 1.869183275575637238e+00 -7.876024936424088629e-01 1.782341792569676064e+00 -1.507693269234287037e+00 3.583659675521057020e-01 0.000000000000000000e+00 0.000000000000000000e+00
-1.938932283801276135e+00 -6.343097107205124541e-01 1.895381921725017849e+00 1.859031117505777209e+00 -7.942598952477486485e-01 1.800613382172571608e+00 -1.490134396993610943e+00 3.689910848110395936e-01 1.596579574916779043e+00 0.000000000000000000e+00
-1.926254621140450318e+00 -6.448218453436984632e-01 1.879116578536477400e+00 1.848758088068435779e+00 -8.008119367296208102e-01 1.818768692021350386e+00 -1.472549759592966634e+00 3.796301118391189333e-01 1.582679737058142688e+00 0.000000000000000000e+00
-1.913461212246398535e+00 -6.553339381862359758e-01 1.862760898366831785e+00 1.838366567458817435e+00 -8.072564371418544660e-01 1.836805124292689939e+00 -1.454942268687957618e+00 3.902803739301452524e-01 1.568586936635391726e+00 0.000000000000000000e+00
-1.900554613518102398e+00 -6.658432999071988156e-01 1.846317670131947475e+00 1.827858951503363416e+00 -8.135912335293215003e-01 1.854720098622223867e+00 4.009391940634988716e-01 1.554302632273412810e+00 0.000000000000000000e+00 0.000000000000000000e+00
-1.377434499420522540e+00 -1.887537396160789971e+00 -6.763472390531944933e-01 1.829789693064914236e+00 1.817237651207633586e+00 -8.198141813344341777e-01 1.872511052560278610e+00 4.116038933262495814e-01 1.539828314596841663e+00 0.000000000000000000e+00
-1.398672440237479941e+00 -1.874412145741789049e+00 -6.868430625305429471e-01 1.813179776224612683e+00 1.806505092302173709e+00 -8.259231548004674073e-01 1.890175442024218277e+00 4.222717913351792807e-01 1.525165505995680126e+00 0.000000000000000000e+00
-1.419838936641435234e+00 -1.861181461744241927e+00 -6.973280760780046217e-01 1.796490738002820109e+00 1.795663714786459586e+00 -8.319160473716197268e-01 1.907710741747273397e+00 4.329402066586657272e-01 1.510315760385203099e+00 0.000000000000000000e+00
-1.440930967381361283e+00 -1.847847957118782913e+00 -7.077995847399848328e-01 1.779725405629962065e+00 1.784715972471022427e+00 -8.377907720897453947e-01 1.925114445723806522e+00 4.436064572383816573e-01 1.495280662960196905e+00 0.000000000000000000e+00
-1.461945520900622242e+00 -1.834414257833230533e+00 1.762886614679593178e+00 1.773664332517834952e+00 1.942384067650883894e+00 4.542678608107583726e-01 1.480061829943569052e+00 0.000000000000000000e+00 0.000000000000000000e+00 0.000000000000000000e+00
-1.482879595873277001e+00 2.129785871238845663e-01 -2.274976824441906853e+00 1.745977208571692030e+00 1.762511274979055687e+00 1.959517141366108994e+00 4.649217353281656084e-01 1.464660908329360245e+00 0.000000000000000000e+00 0.000000000000000000e+00
-1.503730201738555872e+00 1.911360253898828077e-01 -2.285486800660841755e+00 1.729000038074879342e+00 1.751259292334227391e+00 4.755653993797633317e-01 1.449079575620225713e+00 0.000000000000000000e+00 0.000000000000000000e+00 0.000000000000000000e+00
-1.524494359233390384e+00 1.692113893964335980e-01 -2.295789861627935746e+00 1.711957960807620749e+00 1.739910889026007323e+00 -4.990168591294176781e-01 4.493758940651103595e-01 4.861961726119718441e-01 1.433319539559397393e+00 0.000000000000000000e+00
-1.545169100922901384e+00 1.472075027322722329e-01 -2.305884803903895719e+00 1.694853840738532735e+00 1.728468580994538595e+00 -5.133828865941715280e-01 4.306057917198052309e-01 4.968113761485182800e-01 1.417382537857199143e+00 0.000000000000000000e+00
-1.565751470050937844e+00 1.251272053971430875e-01 -2.315770457393712789e+00 1.677690547912114027e+00 1.716934895296373220e+00 -5.275629012212537106e-01 4.119265747987118087e-01 5.074083327928302634e-01 1.401270337850502035e+00 0.000000000000000000e+00
-1.586238527795368780e+00 1.029733531748766306e-01 -2.325445684252625878e+00 1.660470957040083295e+00 1.705312369292153019e+00 -5.415554843473268098e-01 3.933408204748720105e-01 5.179843683181398761e-01 1.384984736465699529e+00 0.000000000000000000e+00
-1.606627343737810909e+00 8.074881734937476574e-02 -2.334909381115298110e+00 1.643197948355255011e+00 1.693603550691733517e+00 -5.553592517662362393e-01 3.748510886514820339e-01 5.285368105845513753e-01 1.368527559559727935e+00 0.000000000000000000e+00
-1.626915003015230399e+00 5.845648407245009059e-02 -2.344160478009323256e+00 1.625874406215018997e+00 1.681810996744826481e+00 -5.689728533809536026e-01 3.564599203727972232e-01 5.390629908151675087e-01 1.351900661868823850e+00 0.000000000000000000e+00
-1.647098605208571431e+00 3.609925389875328489e-02 -2.353197938901187669e+00 1.608503218818272407e+00 1.669937273853296711e+00 -5.823949735033510100e-01 3.381698376601083855e-01 5.495602438023048375e-01 1.335105926648568087e+00 0.000000000000000000e+00
-1.667175264858793415e+00 1.368004128363189270e-02 1.591087277702156744e+00 1.657984957099241541e+00 -5.956243310191515761e-01 3.199833430698133530e-01 5.600259083240071156e-01 1.318145265368647845e+00 0.000000000000000000e+00 0.000000000000000000e+00
-1.687142111980211689e+00 -8.798225922321276440e-03 1.573629477238519314e+00 1.645956629772348689e+00 -6.086596795470382570e-01 3.019029192543484785e-01 5.704573275598142645e-01 1.301020617402514068e+00 0.000000000000000000e+00 0.000000000000000000e+00
-1.706996292571042684e+00 2.191935255047246844e+00 -3.133260698193446325e-02 1.556132714130174177e+00 1.633854882896602856e+00 -6.214998075919087039e-01 2.839310285260616684e-01 5.808518495057483078e-01 1.283733949711975963e+00 0.000000000000000000e+00
2.180429038871303682e+00 -5.392014878323813515e-02 1.538599886907053849e+00 -6.341435386922702477e-01 2.660701124241087179e-01 5.912068273884611980e-01 1.266287256526787530e+00 0.000000000000000000e+00 0.000000000000000000e+00 0.000000000000000000e+00
2.168701565025008549e+00 -7.655788635426427624e-02 1.521033895422345683e+00 -6.465897315617719077e-01 2.483225912844634342e-01 6.015196200785100089e-01 1.248682559019292260e+00 0.000000000000000000e+00 0.000000000000000000e+00 0.000000000000000000e+00
2.795280667148470677e+00 2.156754103469339157e+00 -9.924284338076180823e-02 -1.531792315469017396e+00 1.503437640348700866e+00 -6.588372802248697591e-01 2.306908638131162925e-01 6.117875925027072004e-01 1.230921904974165537e+00 0.000000000000000000e+00
2.794173830650117374e+00 2.144587959283930978e+00 -1.219720327267287407e-01 -1.531804998643674587e+00 1.485814022674595725e+00 -6.708851141466125600e-01 2.131773066625523849e-01 6.220081160555029909e-01 1.213007368453326462e+00 0.000000000000000000e+00
2.792811885795924098e+00 2.132204472454538369e+00 -1.447424569576573616e-01 -1.531617981807657181e+00 1.468165943200957058e+00 -6.827321983565570740e-01 1.957842740115884606e-01 6.321785690093584265e-01 1.194941049456067494e+00 0.000000000000000000e+00
2.791194862698451740e+00 2.119605017654448531e+00 -1.675511088663913239e-01 -1.531232285719084096e+00 1.450496302038108754e+00 -6.943775335668038728e-01 1.785140971486508799e-01 1.176725073574464764e+00 0.000000000000000000e+00 0.000000000000000000e+00
2.789322833950533820e+00 2.106791004019882063e+00 -1.903949720014880831e-01 -1.530648963903771254e+00 1.432807998103160285e+00 -7.058201562841491805e-01 1.613690840585801922e-01 1.158361591644125665e+00 0.000000000000000000e+00 0.000000000000000000e+00
2.787195914349247072e+00 2.093763874541283432e+00 -2.132710213394119203e-01 -1.529869102298867078e+00 1.415103928494405361e+00 -7.170591388422188350e-01 1.443515187539547717e-01 1.139852779594017873e+00 0.000000000000000000e+00 0.000000000000000000e+00
2.784814261823502779e+00 2.080525107343482727e+00 -2.361762232503650527e-01 -1.528893819668311505e+00 1.397386988485149750e+00 -7.280935897992393269e-01 1.274636619083298061e-01 -1.773238981506340517e+00 1.121200837271176143e+00 0.000000000000000000e+00
2.782178075932633554e+00 2.067076213177307054e+00 -2.591075368810244473e-01 -1.527724266461111036e+00 1.379660070282859197e+00 -7.389226535882487124e-01 1.107077489015564215e-01 -1.764850588201585024e+00 1.102407989298352708e+00 0.000000000000000000e+00
2.779287598762324674e+00 2.053418736665725941e+00 -2.820619141329764878e-01 -1.526361625206812622e+00 1.361926063017183886e+00 -7.495455108987463255e-01 9.408599044537904743e-02 -1.756320273376528851e+00 1.083476483901833598e+00 0.000000000000000000e+00
2.776143114620657659e+00 2.039554255682441308e+00 -3.050363003394260253e-01 -1.524807110141876976e+00 -7.599613786874259702e-01 7.760057193738031933e-02 -1.747650318319463603e+00 1.064408592737691617e+00 0.000000000000000000e+00 0.000000000000000000e+00
2.772744949960593619e+00 2.025484381092105046e+00 -3.280276348063619341e-01 -1.523061966981436921e+00 3.857013392000931823e-02 -7.701695102550731864e-01 6.125365307066157894e-02 -1.738843024772136703e+00 1.045206610515867496e+00 0.000000000000000000e+00
2.769093473293871011e+00 2.011210756484852258e+00 -3.510328513554723529e-01 -1.521127472685779747e+00 4.339658919072891807e-02 -7.801691953176018712e-01 4.504736744763001427e-02 -1.729900714477373036e+00 0.000000000000000000e+00 0.000000000000000000e+00
2.765189095096354688e+00 1.996735057905187238e+00 -3.740488788686971433e-01 -1.519004935221599295e+00 4.842194360211568571e-02 2.898382219797241213e-02 -1.720825728723629933e+00 1.825138373840677897e+00 0.000000000000000000e+00 0.000000000000000000e+00
2.761032267704865095e+00 1.982058993575261940e+00 -3.970726418343039077e-01 -1.516695693318039773e+00 5.364585579634621043e-02 1.306509760089531215e-02 -1.711620427886574980e+00 1.820788319700818780e+00 0.000000000000000000e+00 0.000000000000000000e+00
2.756623485205546231e+00 1.967184303612618423e+00 -4.201010608943818725e-01 -1.514201116217602561e+00 5.906794572921630904e-02 -2.706753288289140934e-03 -1.702287190967798125e+00 -4.142920362610370000e-01 1.816243283530976971e+00 0.000000000000000000e+00
2.751963283313783926e+00 1.952112759742429704e+00 -4.431310533936326235e-01 -1.511522603421935340e+00 6.468779470353280825e-02 -1.832970500715150677e-02 -1.692828415130746222e+00 -4.129989403384064506e-01 1.811504910481023911e+00 0.000000000000000000e+00
2.747052239245761029e+00 1.936846165004298737e+00 -4.661595339293508888e-01 -1.508661584432567038e+00 7.050494540950054401e-02 -3.380176005063221384e-02 -1.683246515233993268e+00 -4.115083847554722452e-01 1.806574876625086867e+00 0.000000000000000000e+00
2.741890971581657066e+00 1.921386353453653495e+00 -4.891834149024792411e-01 -1.505619518486612129e+00 7.651890197210865774e-02 -1.673543923361924701e+00 -4.098197111317017360e-01 1.801454888657121556e+00 0.000000000000000000e+00 0.000000000000000000e+00
2.736480140120563398e+00 1.905735189857817646e+00 -5.121996070696219761e-01 -1.502397894287515356e+00 8.272913000551986029e-02 -1.663723088352958346e+00 -4.079322974717557448e-01 -1.106377489312625695e+00 1.796146683581317349e+00 0.000000000000000000e+00
2.730820445727148105e+00 1.889894569386778134e+00 -5.352050200959033166e-01 -1.498998229730860610e+00 -1.653786475325383698e+00 -4.058455583164287117e-01 -1.118239707789404846e+00 1.790652028397379247e+00 0.000000000000000000e+00 0.000000000000000000e+00
2.724912630533188551e+00 1.873866417712545474e+00 -5.581965629713622201e-01 -1.495422071825160293e+00 -1.643736565038556474e+00 -4.035589445873611902e-01 -1.130088993269441344e+00 1.784972719912114592e+00 -2.131338928235730901e+00 0.000000000000000000e+00
2.718757476311845167e+00 1.857652689029836379e+00 -5.811711451154198960e-01 -1.491670995606401817e+00 -1.633575854065556943e+00 -4.010719449285867766e-01 -1.141922664417951205e+00 1.779110583887800079e+00 -2.118343424864201907e+00 0.000000000000000000e+00
2.712355806475411857e+00 1.841255368211017540e+00 -6.041256761094470074e-01 -1.487746605046958548e+00 -1.623306853339476996e+00 -3.983840840410229345e-01 -1.153738037938185190e+00 1.773067475499590095e+00 -2.105136435739096701e+00 0.000000000000000000e+00
2.705708484454881546e+00 1.824676468840988441e+00 -1.483650531972396047e+00 -1.612932088312464263e+00 -3.954949239936573768e-01 -1.165532430109970985e+00 1.766845278481777193e+00 -2.091719475246789361e+00 0.000000000000000000e+00 0.000000000000000000e+00
2.698816413858950547e+00 1.807918033284399151e+00 -1.479384435957547650e+00 -6.870008624936093655e-01 -1.602454098313453645e+00 -3.924040640514301903e-01 -1.177303156995550326e+00 1.760445904915939774e+00 -2.078094092374701773e+00 0.000000000000000000e+00
2.691680538272382073e+00 1.790982132345865452e+00 -1.474950004023781069e+00 -6.992255982391996083e-01 -1.591875436061879423e+00 -3.891111407881340245e-01 -1.189047534908780346e+00 1.753871294886681476e+00 -2.064261870469998428e+00 0.000000000000000000e+00
2.684301841046539128e+00 -1.470348950331680893e+00 -7.115405363402673711e-01 -1.581198667179728456e+00 -3.856158281928654397e-01 -1.200762880884569839e+00 1.747123416132648765e+00 -2.050224426991730020e+00 0.000000000000000000e+00 0.000000000000000000e+00
2.676681345082123631e+00 -1.465583015869198258e+00 -7.239432742137998922e-01 -1.570426369702041303e+00 -3.819178377699933291e-01 -1.212446513148475180e+00 1.740204263692873843e+00 -2.035983413256453378e+00 0.000000000000000000e+00 0.000000000000000000e+00
2.668820112604180395e+00 -1.460653968135302350e+00 -7.364313906904059737e-01 -1.559561133585936954e+00 -3.780169186326177710e-01 -1.224095751586366410e+00 1.733115859548511883e+00 -2.021540514177361914e+00 0.000000000000000000e+00 0.000000000000000000e+00
2.660719244929465432e+00 -1.455563600819216763e+00 -7.490024464065221377e-01 -1.548605560218297317e+00 -3.739128575894858364e-01 -1.235707918214105305e+00 1.725860252260029037e+00 -2.006897447996977224e+00 0.000000000000000000e+00 0.000000000000000000e+00
2.652379882226223451e+00 -1.450313733475264932e+00 -7.616539841995554339e-01 -1.537562261922181817e+00 -3.696054792253407051e-01 -1.247280337647137305e+00 1.718439516599907790e+00 -1.992055966013435597e+00 0.000000000000000000e+00 0.000000000000000000e+00
-1.444906211193402346e+00 -7.743835295059076085e-01 -1.526433861462090036e+00 -3.650946459746726158e-01 -1.258810337569933768e+00 1.710855753180921424e+00 -1.977017852300404943e+00 0.000000000000000000e+00 0.000000000000000000e+00 0.000000000000000000e+00
-1.439342904265478840e+00 -7.871885907618305644e-01 4.366024155752236680e-01 -1.515222991548169640e+00 -1.270295249205203092e+00 1.703111088080057733e+00 -1.961784923420690108e+00 0.000000000000000000e+00 0.000000000000000000e+00 0.000000000000000000e+00
-1.433625707847285824e+00 2.453632267008126200e-01 -8.000666598070483859e-01 4.591675943937953419e-01 -1.503932294339465514e+00 -1.281732407782782968e+00 1.695207672458134640e+00 -1.946359028133560543e+00 0.000000000000000000e+00 0.000000000000000000e+00
-1.427756541616454156e+00 2.568960481347733471e-01 -8.130152122910995205e-01 4.817124010130590661e-01 -1.492564420946312476e+00 -1.293119153008150057e+00 -5.337798753373922400e-01 1.687147682175192731e+00 -1.930742047095849401e+00 0.000000000000000000e+00
2.682463268757901975e-01 -8.260317078391711254e-01 5.042339399278762402e-01 -1.481122031045204235e+00 -1.304452829847767337e+00 -5.192976717433402944e-01 1.678933317276613435e+00 -1.914935892468234035e+00 0.000000000000000000e+00 0.000000000000000000e+00
2.794130075015695547e-01 -8.391135914389873385e-01 5.267293151947901597e-01 -1.469607791925652052e+00 -1.315730787723925932e+00 -5.049419642045807066e-01 1.670566802102006143e+00 -1.898942507959556547e+00 0.000000000000000000e+00 0.000000000000000000e+00
2.903950684199404497e-01 -8.522582923978136993e-01 5.491956304276701673e-01 -1.458024378669103616e+00 -1.326950382883049118e+00 -4.907148344099674930e-01 1.662050384138620496e+00 -1.882763867978346939e+00 6.866014653524574740e-01 0.000000000000000000e+00
3.011915219824489731e-01 -8.654632257200524093e-01 5.716299896085312859e-01 -1.446374473201457844e+00 -1.338108977607894046e+00 -4.766183379324693825e-01 1.653386334114861800e+00 -1.866401977659814637e+00 6.914308410897800350e-01 0.000000000000000000e+00
3.118014146121420582e-01 -8.787257922900783003e-01 5.940294974974603681e-01 -1.434660763902681380e+00 -1.349203940991211104e+00 -4.626545038712304159e-01 1.644576945473975371e+00 -1.849858872450443670e+00 6.960601819490132014e-01 0.000000000000000000e+00
-1.021299081307285306e+00 3.222238269217779227e-01 -8.920433792936955930e-01 6.163912601236950506e-01 -1.422885945106142636e+00 -1.360232649400244354e+00 -4.488253345293099494e-01 1.635624533965444716e+00 -1.833136617772785915e+00 7.004896484123536160e-01
-1.006635617568566454e+00 3.324578738263719857e-01 -9.054133606419285663e-01 6.387123852783197497e-01 -1.411052716597790857e+00 -1.371192486940279620e+00 -4.351328050960291405e-01 1.626531437232639155e+00 -1.816237308684407026e+00 7.047194366103056717e-01
-9.920280013699080968e-01 3.425027046500729311e-01 -9.188330973970852966e-01 6.609899830084897676e-01 -1.399163783115257909e+00 -1.382080845917157186e+00 -4.215788633339697666e-01 1.617300014396780172e+00 -1.799163069531023895e+00 7.087497782711580374e-01
-9.774788148527906451e-01 3.523575032273613128e-01 -9.322999382010318525e-01 6.832211661131016855e-01 -1.387221853846979380e+00 -1.392895127298663160e+00 -4.081654292706668463e-01 -1.781916053593910032e+00 7.125809406644503241e-01 0.000000000000000000e+00
-9.629906258214295800e-01 3.620214879985707013e-01 -9.458112197056295356e-01 7.054030506398223377e-01 -1.375229641931445368e+00 -1.403632741174732024e+00 -3.948943948950436877e-01 -1.764498442731614603e+00 7.162132265384394403e-01 0.000000000000000000e+00
-9.485659873115722673e-01 3.714939120997236555e-01 -9.593642670052648924e-01 7.275327563833865474e-01 -1.363189863956657977e+00 -1.414291107216373300e+00 -3.817676238586281690e-01 -1.746912447016072845e+00 7.196469740515702984e-01 0.000000000000000000e+00
-9.342074371618379613e-01 3.807740634466830754e-01 -9.729563940714239800e-01 7.496074073850774733e-01 -1.424867655133237543e+00 -3.687869511815957124e-01 -1.729160304363153600e+00 7.228825566979624195e-01 0.000000000000000000e+00 0.000000000000000000e+00
-9.199174975876791560e-01 3.898612648136154379e-01 -9.865849041892447158e-01 7.716241324333024121e-01 -1.435359825129761902e+00 -3.559541829636811427e-01 -1.711244280157731223e+00 7.259203832269340850e-01 0.000000000000000000e+00 0.000000000000000000e+00
-9.056986747580237918e-01 3.987548739057649727e-01 -1.000247090395993022e+00 7.935800655651608082e-01 -1.445765068359791794e+00 -3.432710960999950656e-01 -1.693166666873319182e+00 7.287608975565603719e-01 0.000000000000000000e+00 0.000000000000000000e+00
-8.915534583746688169e-01 4.074542834265401647e-01 -1.013940235921398703e+00 8.154723465689286410e-01 -1.456080847379619625e+00 -3.307394380017921742e-01 -1.674929783686359031e+00 7.314045786812938266e-01 0.000000000000000000e+00 0.000000000000000000e+00
-8.774843209807040578e-01 4.159589211503966211e-01 -1.027661614768402787e+00 8.372981215727758331e-01 -1.466304636252437676e+00 -3.183609263631226316e-01 -1.656535976273997068e+00 7.338519403061196655e-01 0.000000000000000000e+00 0.000000000000000000e+00
-8.634937186437121603e-01 4.242682499324854084e-01 -1.041408491601111486e+00 -8.753672054754092491e-01 8.590545432061700293e-01 -3.061372487275861309e-01 -1.637987615660723817e+00 7.361035318153638096e-01 0.000000000000000000e+00 0.000000000000000000e+00
-8.495840889031596177e-01 4.323817678275040932e-01 -1.055178123020953818e+00 8.807387716164074565e-01 -2.940700624692459964e-01 -1.619287098948235304e+00 7.381599365593900508e-01 0.000000000000000000e+00 0.000000000000000000e+00 0.000000000000000000e+00
-8.357578514434328421e-01 -1.250014640171491997e+00 4.402990080886541313e-01 -1.068967757466098289e+00 9.023479746361977583e-01 -2.821609943719566305e-01 -1.600436848162972714e+00 7.400217727958747771e-01 0.000000000000000000e+00 0.000000000000000000e+00
-8.220174074219849247e-01 -1.253309327964395425e+00 4.480195392174698421e-01 9.238793283722573912e-01 -2.704116404151802877e-01 -1.581439310028089462e+00 7.416896933080386889e-01 0.000000000000000000e+00 0.000000000000000000e+00 0.000000000000000000e+00
-8.083651390666318770e-01 -1.256426019297381735e+00 -2.482151915582143875e+00 4.555429649968143480e-01 -8.515607048024037562e-01 -2.588235655252404399e-01 -1.562296955547075816e+00 7.431643852769694858e-01 0.000000000000000000e+00 0.000000000000000000e+00
-7.948034092760727365e-01 -1.259363148566274626e+00 -2.477425106232351570e+00 4.628689245182084910e-01 -8.451177178363296072e-01 -2.473983033317802838e-01 -1.543012279582524737e+00 7.444465701481424169e-01 0.000000000000000000e+00 0.000000000000000000e+00
-7.813345612236990423e-01 -1.262119180050812695e+00 -2.472492620256614426e+00 4.699970922034996113e-01 -8.384783482160281798e-01 -2.361373559294610291e-01 -1.523587800430119987e+00 7.455370034921624534e-01 0.000000000000000000e+00 0.000000000000000000e+00
-7.679609179647493011e-01 -1.264692608210472802e+00 -2.467355739876265108e+00 4.769271778208740153e-01 -8.316427389809620818e-01 -2.250421936449297500e-01 7.464364748597441812e-01 0.000000000000000000e+00 0.000000000000000000e+00 0.000000000000000000e+00
-2.614020505841399444e+00 -7.546847820468858270e-01 -1.267081957975301432e+00 -2.462015780587772262e+00 4.836589264952259604e-01 -8.246110685947209973e-01 -2.141142548090919639e-01 7.471458076309652752e-01 0.000000000000000000e+00 0.000000000000000000e+00
-2.622051667604457847e+00 -7.415084351242420269e-01 -1.269285785031674108e+00 -2.456474090911552555e+00 4.901921187128854274e-01 -8.173835509300765301e-01 -2.033549455347191115e-01 7.476658588588076526e-01 0.000000000000000000e+00 0.000000000000000000e+00
-2.629840986073015419e+00 -7.284341375750151837e-01 -1.271302676102951335e+00 -2.450732052133949068e+00 4.965265703207214498e-01 -8.099604352476084124e-01 -1.927656394994191891e-01 7.479975191070221685e-01 0.000000000000000000e+00 0.000000000000000000e+00
-2.637387532106570287e+00 -7.154641281226558069e-01 -1.273131249224956463e+00 -2.444791078042419130e+00 5.026621325196239942e-01 -8.023420061678987469e-01 -1.823476777340049537e-01 7.481417122823359467e-01 0.000000000000000000e+00 0.000000000000000000e+00
-2.644690415624690871e+00 -7.026006234607202749e-01 -1.274770154016233059e+00 -2.438652614653996409e+00 5.085986918523803801e-01 -7.945285836373023880e-01 -1.721023684162829026e-01 7.480993954610344332e-01 0.000000000000000000e+00 0.000000000000000000e+00
-2.651748785744531656e+00 -6.898458178814467212e-01 -1.276218071943025389e+00 -2.432318139937075241e+00 5.143361701859548996e-01 -7.865205228873038967e-01 -1.620309866702955015e-01 7.478715587099475925e-01 0.000000000000000000e+00 0.000000000000000000e+00
-2.658561830861878139e+00 -6.772018832653080578e-01 -1.277473716643195312e+00 -2.425789163445597474e+00 5.198745245965277206e-01 -7.783182143872650061e-01 -1.521347743357865101e-01 7.474592252201747167e-01 0.000000000000000000e+00 0.000000000000000000e+00
-2.665128778971173951e+00 -6.646709672845761974e-01 -1.278535833922745502e+00 -2.419067226352489719e+00 5.252137477082425843e-01 -1.003877802360673366e+00 -7.699220837917981619e-01 -1.109848610827768534e+00 7.468634498403050603e-01 0.000000000000000000e+00
-2.671448897486488505e+00 -6.522551951838816420e-01 -1.279403202389758132e+00 -2.412153900666482720e+00 5.303538671095231471e-01 -1.002195417763711793e+00 -7.613325918797101410e-01 -1.124747653997451469e+00 7.460853207882159888e-01 0.000000000000000000e+00
-2.677521493543938647e+00 -6.399566680126766993e-01 -1.280074633443790466e+00 -2.405050789247855647e+00 5.352949456753206547e-01 -1.000323816498014828e+00 -7.525502344886062511e-01 -1.139685239677289408e+00 7.451259581920646191e-01 0.000000000000000000e+00
-2.683345914054743986e+00 -6.277774626203311836e-01 -1.280548971576145556e+00 -2.397759525419099980e+00 5.400370814325671232e-01 -9.982643282510731408e-01 -7.435755424421354176e-01 -1.154658928507828808e+00 7.439865141929946635e-01 0.000000000000000000e+00
-2.688921545798646839e+00 -1.280825094602122904e+00 -2.390281772647954828e+00 5.445804075091695839e-01 -9.960183134921108961e-01 -7.344090814710821924e-01 -1.169666271393484447e+00 7.426681727331669869e-01 0.000000000000000000e+00 0.000000000000000000e+00
-2.694247815509951405e+00 -1.280901913887642740e+00 -2.382619224224236554e+00 5.489250920775133880e-01 -9.935871632251723762e-01 -7.250514521281368197e-01 -1.184704809919932655e+00 2.717546427238988649e+00 7.411721493384073600e-01 0.000000000000000000e+00
-2.699324189956171960e+00 -1.280778374570203049e+00 -2.374773602930520422e+00 -9.909722987378306591e-01 -7.155032896963581246e-01 -1.199772076772722684e+00 2.716776631367267214e+00 7.394996908954983850e-01 0.000000000000000000e+00 0.000000000000000000e+00
-2.704150176009277207e+00 -1.280453455774107629e+00 -2.366746660706732008e+00 -9.881751713455473318e-01 -7.057652640913398834e-01 -1.214865596157033822e+00 2.715769735402118634e+00 1.077907976215256802e+00 7.376520754241479016e-01 0.000000000000000000e+00
-2.708725320709539641e+00 -1.279926170819937425e+00 -2.358540178308751845e+00 -9.851972621317318657e-01 -6.958380797571125376e-01 -1.229982884218513206e+00 2.714526143948875703e+00 1.078498891747919020e+00 7.356306118436770625e-01 0.000000000000000000e+00
-2.713049211321966858e+00 -1.279195567428213831e+00 -2.350155964961084365e+00 -9.820400816835362923e-01 -6.857224755557925766e-01 -1.245121449465114161e+00 2.713046298430054293e+00 1.078892468757880696e+00 7.334366397344604938e-01 0.000000000000000000e+00
-2.717121475385344986e+00 -1.278260727917213124e+00 -2.341595858003687969e+00 -9.787051698234288111e-01 -6.754192246510071218e-01 -1.260278793189876900e+00 2.711330676981372978e+00 1.079087602857217387e+00 7.310715290941572908e-01 0.000000000000000000e+00
-2.720941780753854289e+00 -1.277120769394887834e+00 -2.332861722533031479e+00 -9.751940953365891840e-01 -6.649291343851141400e-01 2.709379794341348902e+00 1.079083221258988035e+00 7.285366800887722594e-01 0.000000000000000000e+00 0.000000000000000000e+00
-2.724509835631304888e+00 -1.275774843944857739e+00 -2.323955451037466702e+00 7.723565234564808701e-01 -9.715084556941622207e-01 2.707194201734481886e+00 1.078878282986055037e+00 0.000000000000000000e+00 0.000000000000000000e+00 0.000000000000000000e+00
-2.727825388597938883e+00 -1.274222138806428317e+00 -2.314878963026994363e+00 7.880910112316283911e-01 2.524520569583169061e-01 6.379424603250705150e-01 -9.676498767724153183e-01 2.704774486748062756e+00 1.078471779075727000e+00 0.000000000000000000e+00
-2.730888228842626386e+00 -1.272461876460164953e+00 8.039203279553744919e-01 2.410198386579495144e-01 6.285601038226007464e-01 -9.636200124642944065e-01 2.702121273219175723e+00 1.077862732861585959e+00 0.000000000000000000e+00 0.000000000000000000e+00
-2.733698185321598029e+00 -1.270493315150563074e+00 8.198419183868308480e-01 2.297516995003354434e-01 6.193029831208697322e-01 -9.594205448058426011e-01 -6.463015379119095849e-01 2.699235221032587617e+00 1.077050199843236022e+00 0.000000000000000000e+00
6.111830130824714713e-01 8.358532050515520284e-01 2.186490705005808277e-01 6.101727389237842081e-01 -9.550531830627982943e-01 2.696117026077668122e+00 1.076033268365926387e+00 0.000000000000000000e+00 0.000000000000000000e+00 0.000000000000000000e+00
8.519515898477614257e-01 2.077133504521586627e-01 6.011709852546255339e-01 -9.505196638430227773e-01 2.692767420034752668e+00 1.074811059486493692e+00 0.000000000000000000e+00 0.000000000000000000e+00 0.000000000000000000e+00 0.000000000000000000e+00
5.653285663487058743e-01 8.681344542175565282e-01 1.969459053020798378e-01 5.922993091655037734e-01 -9.458217506952191211e-01 -6.539255922354562101e-01 2.689187170236676305e+00 1.073382727235664191e+00 0.000000000000000000e+00 0.000000000000000000e+00
5.423751394855786945e-01 8.843991596062515947e-01 1.863480679366535941e-01 5.835592704953240784e-01 -9.409612338044220925e-01 -6.560542638211116495e-01 2.685377079508088016e+00 1.071747458796890484e+00 -5.858673764191294486e-01 0.000000000000000000e+00
1.855908994770124609e+00 5.194082562394537472e-01 9.007430479257726441e-01 1.759211379731021874e-01 5.749524016326511555e-01 -9.359399296837035420e-01 -6.579774397820460363e-01 2.681337985998663243e+00 1.069904474680757334e+00 -6.074361152453039425e-01
1.836966124442934722e+00 4.964309269900780697e-01 9.171634420220224904e-01 1.656663815570607601e-01 5.664802072834950186e-01 -9.307596808621357853e-01 -6.596956845373823652e-01 2.677070763010233279e+00 1.067853028894927281e+00 -6.289276113443128535e-01
1.817905749994411346e+00 4.734461622481921372e-01 9.336576461461248977e-01 1.555850311659912610e-01 5.581441642440437834e-01 -9.254223555690562764e-01 -6.612096009246432038e-01 2.672576318817889263e+00 -6.503391550406714128e-01 0.000000000000000000e+00
1.798730655658748123e+00 1.787463439786559416e+00 4.504569721521937686e-01 9.502229464294668082e-01 1.456782854185423859e-01 5.499457211783640442e-01 -9.199298474146869742e-01 -6.625198300900978499e-01 2.667855596485103398e+00 -6.716680501538553338e-01
1.779443639735648119e+00 1.798651461052395151e+00 4.274663659649702296e-01 9.668566113624453839e-01 1.359473088898808246e-01 5.418862984010973660e-01 -9.142840750671407113e-01 -6.636270513717777986e-01 2.662909573672902042e+00 -6.929116144543741029e-01
1.760047514071023000e+00 1.809730640837497351e+00 4.044773515709920719e-01 9.835558922768364853e-01 1.263932319330231813e-01 5.339672876651683220e-01 -9.084869819258789558e-01 -6.645319821751721756e-01 2.657739262443145734e+00 -7.140671801173038569e-01
1.740545103536521587e+00 1.820698566404757246e+00 3.814929349737522513e-01 1.000318023831692660e+00 1.170171505061926298e-01 5.261900519545310573e-01 -9.025405357916465032e-01 -6.652353778416268959e-01 2.652345709055963674e+00 -7.351320941731955827e-01
