-5.635129821308408005e+00
-5.965267809317603032e+00
-6.268876036430677701e+00
-6.544570759926212844e+00
-6.791099094672553349e+00
-7.007353477306099698e+00
-7.192357757950942343e+00
-7.345281142160481558e+00
-7.465445530230867099e+00
-7.552324170614593157e+00
-7.605545563832963651e+00
-7.624895748865651690e+00
-7.610317784330618451e+00
-7.561911876925416109e+00
-7.479934305660600025e+00
-7.364795779335260306e+00
-7.217058660769566814e+00
-7.037433569421161828e+00
-6.826774560789607094e+00
-6.586073653285143159e+00
-6.316454752893957192e+00
-6.019166803009319722e+00
-5.695576151922071340e+00
-5.347158719331106980e+00
-4.975492344284471180e+00
-4.582249696361588853e+00
-4.169190889366570119e+00
-3.738153095249197477e+00
-3.291041760231578461e+00
-2.829821894160191142e+00
-2.356510359518431574e+00
-1.873169479889746913e+00
-1.381896100365313185e+00
-8.848150698199367392e-01
-3.840726411031472054e-01
1.181778272606759383e-01
6.197816516195877590e-01
1.118586758713254303e+00
1.612454761081043131e+00
2.099266717426762963e+00
2.576930770547257943e+00
3.043392516567819062e+00
3.496641943180956336e+00
3.934720205967078055e+00
4.355727601302898044e+00
4.757830565975973869e+00
5.139270809328994716e+00
5.498373449277965896e+00
5.833554366872514940e+00
6.143327452513470455e+00
6.426311204759145745e+00
6.681235566342349941e+00
6.906948243113972374e+00
7.102420736655071565e+00
7.266754423066912771e+00
7.399185931238369207e+00
7.499092197283470540e+00
7.565994399974441009e+00
7.599560428388898892e+00
7.599606997832494493e+00
7.566101425949568693e+00
7.499162518973094826e+00
7.399060589782922470e+00
7.266215997611655375e+00
7.101197157140448191e+00
6.904718446632540640e+00
6.677636364230883359e+00
6.420945273621141425e+00
6.135772840230549363e+00
5.823374042152189567e+00
5.485126242220922599e+00
5.122523725071300937e+00
4.737169146116439578e+00
4.330765107268839564e+00
3.905107433987599297e+00
3.462075545166561685e+00
3.003623914609447887e+00
2.531774871123125159e+00
2.048609407302401486e+00
1.556257118852162113e+00
1.056888532153801075e+00
5.527072552939329420e-01
4.594108098554947756e-02
-4.611689223234995416e-01
-9.663781782881672999e-01
-1.467446520698596490e+00
-1.962150225957620453e+00
-2.448291990548907116e+00
-2.923708368416532810e+00
-3.386278350705623996e+00
-3.833932449278485866e+00
-4.264662978872900467e+00
-4.676533605172216390e+00
-5.067690165536271607e+00
-5.436370981242198752e+00
-5.780911740064403226e+00
-6.099754239759803909e+00
-6.391453211208261820e+00
-6.654682589272534088e+00
-6.888250119610552780e+00
-7.091106057671032303e+00
-7.262339116392713123e+00
-7.401181016825637116e+00
-7.507014445664203173e+00
-7.579381542394546756e+00
-7.617980521093053348e+00
-7.622664823271312784e+00
-7.593445248323225982e+00
-7.530489649457894785e+00
-7.434122230781429863e+00
-7.304820166597537856e+00
-7.143210955013077346e+00
-6.950068418589770758e+00
-6.726307295799824004e+00
-6.472976453704498034e+00
-6.191252290339969377e+00
-5.882434166428154754e+00
-5.547937513653628194e+00
-5.189283690833225826e+00
-4.808093278628774669e+00
-4.406077403467566711e+00
-3.985029889471910725e+00
-3.546818043399258880e+00
-3.093372755004663688e+00
-2.626681429977030025e+00
-2.148782746104897612e+00
-1.661755866043126417e+00
-1.167710277200474600e+00
-6.687803467308968131e-01
-1.671171005917178876e-01
3.351242525183839027e-01
8.357886689722970885e-01
1.332728166438801320e+00
1.823812532372344197e+00
2.306933532332922976e+00
2.780015909225338699e+00
3.241024361188699743e+00
3.687969436403606416e+00
4.118915999978623788e+00
4.531990541819903129e+00
4.925390310033614050e+00
5.297392723475033982e+00
5.646361292183855518e+00
5.970752725952887197e+00
6.269124176323108699e+00
6.540140561060405311e+00
6.782581678252431523e+00
6.995348682276709695e+00
7.177469456047916196e+00
7.328103854045272314e+00
7.446549066050838661e+00
7.532243049041822403e+00
7.584768204760226951e+00
7.603855464396828800e+00
7.589386007210493723e+00
7.541392935668576492e+00
7.460061347794598063e+00
7.345726687901987795e+00
7.198874137996234879e+00
7.020136274320796232e+00
6.810289192935947256e+00
6.570250155443560836e+00
6.301073681719386421e+00
6.003945684767941771e+00
5.680176021701845990e+00
5.331192065173048888e+00
4.958533750569350751e+00
4.563845436165249403e+00
4.148869692476010229e+00
3.715438844119030914e+00
3.265466942216561641e+00
2.800943956748639607e+00
2.323922232890386130e+00
1.836505307283263333e+00
1.340840120797875956e+00
8.391114899073144340e-01
3.335333891154788066e-01
-1.736597681762278300e-01
-6.802251766282458867e-01
-1.183919705344411044e+00
-1.682508940245763140e+00
-2.173778310054672591e+00
-2.655543223663370256e+00
-3.125656894372095707e+00
-3.582019215579254734e+00
-4.022588044394783680e+00
-4.445387736179897686e+00
-4.848517757771621639e+00
-5.230161705260577776e+00
-5.588596045164266890e+00
-5.922199839079701711e+00
-6.229457495738877526e+00
-6.508980789174841242e+00
-6.759507773540194719e+00
-6.979903933578081698e+00
-7.169174717430388810e+00
-7.326469718127158082e+00
-7.451087573534361574e+00
-7.542480107012329071e+00
-7.600255387328335388e+00
