-2.829338144699400370e+00 -1.879447651397722741e+00 1.116722971622405192e+00 -3.099614725800206916e+00 2.986540266511513497e+00 2.531531916970879981e-01 -3.091113478114157487e-01 2.594725137814223093e+00 -3.676138888010400119e-01 0.000000000000000000e+00
-1.901864709662374642e+00 1.090452144456543149e+00 -3.094277620568603115e+00 2.981442761339590852e+00 2.251022449628222177e-01 -3.371841866842129054e-01 2.578121841818722615e+00 -3.948460202986394108e-01 0.000000000000000000e+00 0.000000000000000000e+00
-1.924143344005472045e+00 1.064100679503846791e+00 -3.088703812425906303e+00 2.976115383616190879e+00 1.970341850947598117e-01 -3.652265795956397554e-01 2.561334162860724906e+00 -4.220504848416307686e-01 0.000000000000000000e+00 0.000000000000000000e+00
-1.946281759826577140e+00 1.037670608900150393e+00 -3.082893746761111942e+00 2.970558339973107920e+00 -3.932363642227617584e-01 2.544363469821244728e+00 -4.492251946985162392e-01 0.000000000000000000e+00 0.000000000000000000e+00 0.000000000000000000e+00
3.131928334354352028e+00 -1.968278170984492315e+00 1.011163969897437287e+00 -3.076847886984029223e+00 2.964771854955974284e+00 2.527211141625176793e+00 -4.763680636199402740e-01 0.000000000000000000e+00 0.000000000000000000e+00 0.000000000000000000e+00
3.138599143800560931e+00 -1.990130799959254571e+00 9.845828047044380416e-01 -3.070566714483843551e+00 2.958756171068799290e+00 2.509878567118829285e+00 -5.034770069992636765e-01 0.000000000000000000e+00 0.000000000000000000e+00 0.000000000000000000e+00
3.145027018690520038e+00 -2.011837878014203884e+00 9.579291603271409272e-01 -3.064050728586325434e+00 2.952511548817159603e+00 -2.425126493130526750e+00 2.492367144947877922e+00 -5.305499420332712157e-01 0.000000000000000000e+00 0.000000000000000000e+00
3.151211366476715625e+00 -2.033397645347462035e+00 9.312050884501277270e-01 -3.057300446462951182e+00 2.946038267007511813e+00 2.902968714241558335e+00 -2.406902771064844071e+00 2.474678283774206289e+00 -5.575847880496163089e-01 0.000000000000000000e+00
3.157151614335399259e+00 -2.054808351296959046e+00 9.044126451129074207e-01 -3.050316403272845367e+00 2.939336621754954137e+00 2.915114998746289210e+00 -2.388486846205248426e+00 2.456813400797238867e+00 -5.845794659994860698e-01 0.000000000000000000e+00
3.162847208703087887e+00 -2.076068254438675709e+00 8.775538907953178702e-01 -3.043099151835872984e+00 2.932406928065140139e+00 2.927031617965446753e+00 -2.369880224915985156e+00 2.438773923661409437e+00 -6.115318996170724386e-01 0.000000000000000000e+00
3.168297615706799242e+00 -2.097175622791088934e+00 8.506308900961796482e-01 -3.035649262769139600e+00 2.925249518854375008e+00 2.938717790320650725e+00 -2.351084430659473590e+00 2.420561288998325455e+00 -6.384400149222313470e-01 0.000000000000000000e+00
3.173502321149184624e+00 -2.118128733967045818e+00 8.236457116132864797e-01 -3.027967324392071280e+00 2.917864745235902557e+00 2.950172753725897046e+00 -2.332101003846341225e+00 2.402176942635792845e+00 -6.653017405435412979e-01 0.000000000000000000e+00
3.178460830579361573e+00 -2.138925875335973448e+00 7.966004277836392644e-01 -3.020053942675561043e+00 2.910252976554559723e+00 2.961395765602613306e+00 -2.312931501684113655e+00 2.383622339478456809e+00 -6.921150078795343941e-01 0.000000000000000000e+00
3.183172669361951979e+00 -2.159565344186055391e+00 -3.011909741189792378e+00 2.902414600419916280e+00 2.972386102892722981e+00 -2.293577498023791961e+00 2.364898943388915153e+00 -7.188777512599671127e-01 0.000000000000000000e+00 0.000000000000000000e+00
3.187637382744325176e+00 -2.180045447886342469e+00 -3.003535361050771790e+00 2.894350022737888217e+00 2.983143062069758322e+00 -2.274040583204353982e+00 2.346008227069291685e+00 -7.455879081071150605e-01 0.000000000000000000e+00 0.000000000000000000e+00
3.191854535922002967e+00 1.084694585198342942e+00 -2.200364504048760494e+00 -2.994931460865513539e+00 2.886059667740784818e+00 2.993665959147986833e+00 -2.254322363895188364e+00 2.326951671943293665e+00 -7.722434190970748347e-01 0.000000000000000000e+00
3.195823714102234980e+00 1.110778849408917468e+00 -2.220520840690039410e+00 -2.986098716675971154e+00 2.877543978015787651e+00 3.003954129689614394e+00 -2.234424462936501321e+00 2.307730768038743108e+00 0.000000000000000000e+00 0.000000000000000000e+00
3.199544522565725746e+00 1.136779446443122898e+00 -2.240512796393488326e+00 -2.977037821901628245e+00 2.868803414531821527e+00 3.014006928810050834e+00 -2.214348519177714358e+00 0.000000000000000000e+00 0.000000000000000000e+00 0.000000000000000000e+00
3.203016586726465054e+00 1.162694384792594793e+00 -2.260338720470639995e+00 -2.967749487280842313e+00 2.859838456664801853e+00 3.023823731181269014e+00 2.187471304957897100e+00 2.116613634001207611e+00 -2.194096187313880009e+00 0.000000000000000000e+00
3.206239552189715791e+00 1.188521679062037872e+00 -2.279996973122714987e+00 -2.958234440810875387e+00 2.850649602221244638e+00 3.033403931033254342e+00 2.207920823932944199e+00 2.136573700593157987e+00 -2.173669137720139144e+00 0.000000000000000000e+00
3.209213084808060668e+00 1.214259350121126735e+00 -3.827324283676633021e-01 -2.299485925601895353e+00 -2.948493427686667001e+00 2.841237367460194729e+00 3.042746942153581102e+00 2.228207998454815097e+00 2.156365140941096215e+00 -2.153069056284250937e+00
3.211936870735561111e+00 1.239905425256085714e+00 -3.548190010431145902e-01 -2.318803960372385564e+00 -2.938527210238335297e+00 2.831602287113479832e+00 3.051852197885114748e+00 2.248331252572568495e+00 2.175986423134543379e+00 -2.132297644237220346e+00
3.214410616584751690e+00 1.265457938618305134e+00 -3.268779021008670904e-01 -2.928336567959084924e+00 2.821744914134486137e+00 3.060719151121270354e+00 2.268289020932587885e+00 2.195436029766788089e+00 -2.111356618025167720e+00 0.000000000000000000e+00
3.216634049056723565e+00 1.290914930182577747e+00 -2.989112839758047424e-01 -2.917922297072535365e+00 3.069347274302439477e+00 2.288079748514854739e+00 2.214712458388271354e+00 -2.090247708963306028e+00 0.000000000000000000e+00 0.000000000000000000e+00
3.218606915617256536e+00 1.316274447679577353e+00 -2.709213014486835380e-01 -2.907285211015766535e+00 1.674734660773993689e+00 3.077736059404587277e+00 2.307701891340443900e+00 2.233814221128043620e+00 -2.068972663319399441e+00 -7.338402814459825674e-01
3.220328984129150474e+00 1.341534545570892245e+00 -2.429101111488251030e-01 -2.896426140009559891e+00 1.698717922495985633e+00 3.085885017932020080e+00 2.327153916213129836e+00 2.252739845138998387e+00 -2.047533241966667639e+00 -7.069179891796125714e-01
3.221800042998390179e+00 1.366693285487727172e+00 -2.148798714662612519e-01 -2.885345931078721282e+00 1.722576429373644524e+00 3.093793680905426946e+00 2.346434300938891937e+00 2.271487872632804272e+00 -2.025931220247219056e+00 -6.799355032397722542e-01
3.223019901216523486e+00 1.391748736380303164e+00 -1.868327423828700651e-01 -2.874045447982117807e+00 1.746308346420265556e+00 3.101461598848700429e+00 2.365541534450846139e+00 2.290056860993818333e+00 -2.004168387791848360e+00 -6.528948413776270998e-01
3.223988388401022309e+00 1.416698974666837030e+00 -1.587708853033519274e-01 -2.862525571141481429e+00 1.769911846709369962e+00 3.108888341774047159e+00 2.384474116933944732e+00 2.308445382891353592e+00 -1.982246548338144621e+00 -6.257980276199965886e-01
1.441542084382100741e+00 -1.306964628860579070e-01 -2.850787197569016662e+00 1.793385111516423880e+00 3.116073499165332716e+00 2.403230559949419920e+00 2.326652026390266137e+00 -1.960167519546913262e+00 -5.986470921305147019e-01 0.000000000000000000e+00
-1.801852361971349570e+00 1.466276157325526297e+00 -1.026116388736838109e-01 -2.838831240793770139e+00 1.816726330460425309e+00 3.123016679959713215e+00 2.421809386558967603e+00 2.344675395059872880e+00 -1.937933132816961557e+00 -5.714440710697962222e-01
-1.778175385636523886e+00 1.490899293208871157e+00 -7.451857792384393442e-02 -2.826658630786821558e+00 1.839933701645373176e+00 3.129717512527585122e+00 2.440209131448663360e+00 2.362514108081173347e+00 -1.915545233098275624e+00 -5.441910064546140458e-01
-1.754350612317445490e+00 1.515409599803408280e+00 -4.641944543953791663e-02 -2.814270313885262276e+00 1.863005431801580736e+00 3.136175644650828875e+00 2.458428341052583121e+00 2.380166800352401246e+00 -1.893005678703602479e+00 -5.168899460160890635e-01
-1.730380015993157716e+00 1.539805193086642099e+00 -1.831640739952328581e-02 -2.801667252715006384e+00 1.885939736426847091e+00 3.142390743499403616e+00 2.476465573676136955e+00 2.397632122592844972e+00 -1.870316341118500203e+00 -4.895429430569010476e-01
-1.706265585604272328e+00 1.564084197388528663e+00 9.788369811390723596e-03 -2.788850426112389869e+00 1.908734839927456406e+00 2.494319399619087996e+00 2.414908741444989015e+00 -1.847479104809855333e+00 -4.621520563075249277e-01 0.000000000000000000e+00
-1.682009324851207799e+00 1.588244745537199965e+00 3.789271957211641506e-02 -2.775820829044628901e+00 1.931388975759010140e+00 2.511988401298250295e+00 2.431995339574921200e+00 -1.824495867032923435e+00 5.477168402449323903e-01 -4.347193497814981766e-01
-1.657613251989942915e+00 1.612284979004165564e+00 6.599447519511249249e-02 -2.762579472529084867e+00 1.953900386567062109e+00 2.529471173369850501e+00 2.448890615771027957e+00 -1.801368537636905964e+00 5.750409804229417166e-01 -4.072468926297235781e-01
-1.633079399495565021e+00 1.636203047784067000e+00 9.409147019678644475e-02 -2.749127383491759335e+00 1.976267324646095780e+00 2.546766322794133952e+00 2.465593285071587815e+00 -1.778099038777461116e+00 6.023261806144418751e-01 -3.797367590615055022e-01
-1.608409814373509716e+00 1.659997111601364095e+00 1.221815380641495807e-01 1.998488050802227800e+00 2.482102078737157935e+00 -1.754689305087105522e+00 6.295703994537966697e-01 -3.521910279254716336e-01 0.000000000000000000e+00 0.000000000000000000e+00
-1.583606557170555984e+00 1.683665338466395323e+00 1.502625130271802167e-01 2.020560836401950056e+00 2.602748336555387176e+00 2.498415744527606730e+00 -1.731141282927362468e+00 6.567715969109940710e-01 -3.246117829666297916e-01 3.042246865855143589e+00
-1.558671702273670023e+00 1.707205905865334383e+00 1.783322298314093390e-01 2.042483962253145435e+00 2.618475763231635334e+00 2.514533046672811967e+00 -1.707456930551092933e+00 6.839277347854200162e-01 -2.970011124093970278e-01 3.049559478877778673e+00
-1.533607337567753692e+00 1.730617000645262138e+00 2.063885240054783854e-01 2.064255719054088889e+00 2.633997266377570146e+00 2.530452765992420971e+00 -1.683638217812257087e+00 7.110367767605436651e-01 -2.693611088729455094e-01 3.056639396888334748e+00
-1.508415564217159277e+00 1.753896819156030462e+00 2.344292320309856181e-01 2.085874407532709363e+00 2.649311746153589109e+00 -1.659687125963473120e+00 7.380966885456166082e-01 -2.416938692198629668e-01 3.063486102898371755e+00 0.000000000000000000e+00
-1.483098496444963388e+00 1.777043567391550338e+00 2.624521915122833282e-01 2.107338338585576398e+00 2.664418120147951097e+00 7.651054380176774972e-01 -2.918338060567250203e+00 -2.140014944038926281e-01 3.070099097523681486e+00 0.000000000000000000e+00
-1.457658261310045278e+00 1.800055461130479761e+00 2.904552413462127003e-01 2.128645833416579425e+00 2.679315323430610185e+00 2.577014485881257144e+00 7.920609953638525491e-01 -2.907944904851956558e+00 -1.862860893167650744e-01 3.076477899015325868e+00
-1.432096998481990902e+00 1.822930726076297026e+00 3.184362218917594634e-01 2.149795223675301514e+00 2.694002308605242924e+00 2.592132016941528061e+00 8.189613332239473742e-01 -2.897330933877952042e+00 -1.585497626341219601e-01 3.082622043289400260e+00
-1.406416860013888437e+00 1.845667597996768272e+00 2.170784851595061848e+00 2.708478045859535221e+00 8.458044268333237969e-01 -2.886496932965008089e+00 -2.415030533382154232e+00 -1.307946266605474750e-01 3.088531083955513790e+00 0.000000000000000000e+00
-1.380620010113026153e+00 2.191613070130622010e+00 2.722741523013679554e+00 8.725882541660572311e-01 -2.875443703727106115e+00 -2.396207411587056413e+00 -1.030227971737096709e-01 3.094204592343992477e+00 0.000000000000000000e+00 0.000000000000000000e+00
-1.354708624909564119e+00 1.890719156986470750e+00 2.212278243095531671e+00 2.736791745567129119e+00 8.993107960783627286e-01 -2.864172064019049113e+00 -2.377201234948989050e+00 -7.523639326762338042e-02 3.099642157531796727e+00 0.000000000000000000e+00
-1.328684892223197744e+00 2.232778745299118572e+00 2.750627736743588958e+00 9.259700364522929217e-01 -2.852682847882007433e+00 -2.358013460978435116e+00 -4.743753719504192196e-02 3.104843386367173608e+00 0.000000000000000000e+00 0.000000000000000000e+00
-1.302551011327867547e+00 2.253112962683082365e+00 2.764248537534270689e+00 9.525639623396860989e-01 -2.840976905487951232e+00 -2.338645560936186474e+00 -1.962835420898714767e-02 3.109807903493010173e+00 0.000000000000000000e+00 0.000000000000000000e+00
2.273279292457703438e+00 2.777653206739403302e+00 -2.524628076321690617e+00 9.790905641063737397e-01 -2.829055103083015776e+00 -2.319099019719768950e+00 8.189027596573075427e-03 3.114535351368923344e+00 0.000000000000000000e+00 0.000000000000000000e+00
2.293276142848416299e+00 2.790840821059190180e+00 -2.540388414361787195e+00 1.005547835641098731e+00 -2.816918322755116666e+00 -2.299375335919513486e+00 3.601247750370054068e-02 3.119025390340418813e+00 0.000000000000000000e+00 0.000000000000000000e+00
2.313101934792260561e+00 2.803810474926633489e+00 -2.555970609179349040e+00 1.031933774241632351e+00 -2.804567463075691602e+00 -2.279476021018627563e+00 6.383986210363838676e-02 3.123277698464470564e+00 0.000000000000000000e+00 0.000000000000000000e+00
1.666148793578834608e+00 2.332755099740448479e+00 2.816561280850520266e+00 -2.571373396178846082e+00 1.058246381146015436e+00 -2.792003437993150428e+00 -2.259402600299236230e+00 9.166904579905554851e-02 3.127291971817542038e+00 0.000000000000000000e+00
2.352234081330986548e+00 2.829092369247839134e+00 -2.586595519751889505e+00 1.084483661422921630e+00 -2.779227177462170850e+00 -2.239156612050580808e+00 1.194978907421842956e-01 3.131067924321448981e+00 0.000000000000000000e+00 0.000000000000000000e+00
1.618962700025098123e+00 2.841402888526437298e+00 1.738714370929473618e-01 -2.601635733305480702e+00 1.110643624179650901e+00 -2.766239627211976249e+00 -2.218739607616417864e+00 1.473242570534512852e-01 3.134605287806037310e+00 0.000000000000000000e+00
1.595182157246963106e+00 2.853492005116273766e+00 1.465537298619746798e-01 -2.616492799371552547e+00 1.136724282707684219e+00 -2.753041748683231482e+00 -2.198153151275672901e+00 1.751460029857082046e-01 3.137903812023594696e+00 0.000000000000000000e+00
1.571278973295026082e+00 2.865358903498985921e+00 1.192226005805314265e-01 -2.631165489717162131e+00 1.162723654628435854e+00 -2.739634518963894205e+00 -2.177398820122175227e+00 2.029609850892390432e-01 3.140963264661976950e+00 0.000000000000000000e+00
1.547254927203935315e+00 2.877002786235779652e+00 9.188018313497138545e-02 -2.645652585455330108e+00 1.188639762039199299e+00 -2.726018930723985267e+00 -2.156478203943472671e+00 2.307670583775379980e-01 3.143783431356478975e+00 0.000000000000000000e+00
1.523111807395138184e+00 2.888422873993658602e+00 6.452861295087866655e-02 -2.659952877156512852e+00 -2.712195992149318613e+00 -2.135392905098717264e+00 2.585620764938384997e-01 3.146364115700391650e+00 0.000000000000000000e+00 0.000000000000000000e+00
1.498851411555453428e+00 2.899618405569990287e+00 3.717002681727214763e-02 -2.674065164960711893e+00 -2.698166726874176025e+00 -2.114144538395658746e+00 2.863438918783902665e-01 3.148705139254319718e+00 0.000000000000000000e+00 0.000000000000000000e+00
1.474475546514906865e+00 2.910588637915437538e+00 9.806562710492209775e-03 -2.687988258690211740e+00 -2.683932173912929375e+00 -2.092734730966738343e+00 3.150806341554191814e+00 0.000000000000000000e+00 0.000000000000000000e+00 0.000000000000000000e+00
1.449986028123839699e+00 2.921332846155232588e+00 -1.755964038221191278e-02 -2.701720977962915882e+00 2.743941386068809773e+00 -2.669493387590610389e+00 -2.071165122144298376e+00 3.152667580118029278e+00 0.000000000000000000e+00 0.000000000000000000e+00
1.425384681129302722e+00 2.931850323608844899e+00 -2.589437081772622551e-01 -4.492644263937931731e-02 -2.715262152306314736e+00 -2.654851437472452780e+00 -2.049437363334908557e+00 3.154288730451404454e+00 0.000000000000000000e+00 0.000000000000000000e+00
1.400673339050728661e+00 2.942140381808009408e+00 -2.863230799048606112e-01 -7.229170358229912441e-02 -2.728610621272032244e+00 -2.027553117892836543e+00 3.155669686051655098e+00 0.000000000000000000e+00 0.000000000000000000e+00 0.000000000000000000e+00
1.375853844054899300e+00 2.952202350513160489e+00 -3.136736445917805427e-01 -9.965328225222050418e-02 -2.741765234550971986e+00 -2.005514060992645842e+00 3.156810358410811368e+00 0.000000000000000000e+00 0.000000000000000000e+00 0.000000000000000000e+00
-7.219797306162247796e-01 2.962035577659165142e+00 -3.409932351605676204e-01 -1.270090373694617858e-01 -2.754724852194214701e+00 2.687419169976030808e+00 3.157710676933456639e+00 0.000000000000000000e+00 0.000000000000000000e+00 0.000000000000000000e+00
-7.490370139704236596e-01 1.325897806620644603e+00 2.971639429645710262e+00 -3.682796885474830528e-01 -1.543568275845920434e-01 -2.767488344307494685e+00 2.672758524446208206e+00 -2.045198940245185781e+00 3.158370589273248541e+00 0.000000000000000000e+00
-7.760350623722398478e-01 1.300764990448734615e+00 2.981013290934891646e+00 -3.955308470373626317e-01 -1.816945115464249916e-01 -2.780054591798288843e+00 2.657888170512408887e+00 -2.066600337296979895e+00 3.158790060829844482e+00 0.000000000000000000e+00
-8.029718488395740650e-01 1.275531473968569030e+00 2.990156564334387035e+00 -4.227445576901003865e-01 -2.090199481524943892e-01 -2.792422486077585919e+00 2.642809303269387122e+00 -2.087840894923799873e+00 3.158969075077947775e+00 0.000000000000000000e+00
-8.298453516174226774e-01 1.250199140683984522e+00 2.999068670938864756e+00 -4.499186727102998384e-01 -2.363309967094307518e-01 -2.804590929280019740e+00 2.627523135343435179e+00 -2.108919054571024798e+00 3.158907633482490596e+00 0.000000000000000000e+00
-8.566535543197955072e-01 1.224769881981542241e+00 3.007749050136988789e+00 -4.770510496294376179e-01 -2.636255171112915630e-01 -2.816558834382328236e+00 2.612030896780390687e+00 -2.129833270839052606e+00 3.158605755493972378e+00 0.000000000000000000e+00
-8.833944460710742019e-01 1.199245597000657249e+00 -5.041395514868619587e-01 -2.909013700180169693e-01 -2.828325125322325828e+00 2.596333834931816575e+00 -2.150582011580524977e+00 3.158063478542540103e+00 0.000000000000000000e+00 0.000000000000000000e+00
-9.100660216468122732e-01 1.173628192503046064e+00 -5.311820470096049185e-01 -3.181564170339922226e-01 -2.839888737118377193e+00 2.580433214339378001e+00 -2.171163757996359411e+00 3.157280858030815374e+00 0.000000000000000000e+00 0.000000000000000000e+00
-9.366662816139507131e-01 1.147919582741502298e+00 -1.751618343975853698e+00 -5.581764107909885642e-01 -3.453885208866988021e-01 -2.851248615989345758e+00 2.564330316617398964e+00 -2.191577004730592027e+00 3.156257967325471370e+00 0.000000000000000000e+00
-9.631932324704625126e-01 1.122121689328010152e+00 -1.775002259682039618e+00 -5.851205234680147971e-01 -3.725955456054375059e-01 -2.862403719475019148e+00 2.548026440333653220e+00 -2.211820259964027535e+00 3.154994897747556593e+00 0.000000000000000000e+00
-9.896448867844070962e-01 1.096236441101190673e+00 -1.798247587256607938e+00 -6.120122718975122833e-01 -3.997753567001031683e-01 -2.873353016556985384e+00 2.531522900888383276e+00 -2.231892045506708389e+00 3.153491758561575597e+00 0.000000000000000000e+00
-1.016019263332386569e+00 1.070265773993094083e+00 -1.821352536612754980e+00 -6.388495493310319961e-01 -4.269258213399946267e-01 -2.884095487779954059e+00 2.514821030391583445e+00 -2.251790896889186211e+00 3.151748676963312068e+00 0.000000000000000000e+00
-1.042314387237407880e+00 1.044211630895341081e+00 -1.844315329217400379e+00 -6.656302555884703320e-01 -4.540448085326421745e-01 -2.894630125373499840e+00 2.497922177538534516e+00 -2.271515363452613734e+00 0.000000000000000000e+00 0.000000000000000000e+00
-1.068528290106129486e+00 1.018075961524616657e+00 -1.867134198230133713e+00 -6.923522972304054779e-01 -4.811301893026305176e-01 -2.904955933374221644e+00 2.480827707483653555e+00 -2.291064008437639021e+00 8.093638616651482875e-01 0.000000000000000000e+00
-1.094659010165500046e+00 9.918607222875225338e-01 -1.889807388641030927e+00 -7.190135877291311539e-01 -5.081798368704038005e-01 -2.915071927748290381e+00 2.463539001712626852e+00 -2.310435409072127744e+00 7.829787978196854903e-01 0.000000000000000000e+00
-1.120704592131431809e+00 9.655678760112322845e-01 -1.912333157811491935e+00 -7.456120475011813742e-01 -5.351916268233750662e-01 -2.924977136385653154e+00 2.446057458183251931e+00 -2.329628157061204963e+00 7.565413189345315814e-01 0.000000000000000000e+00
-1.146663088416429499e+00 9.391993923427872648e-01 -1.934709773988869896e+00 -7.721456046259626005e-01 -5.621634373253404648e-01 2.428384490109875671e+00 -2.348640857054137943e+00 7.300532518527055315e-01 0.000000000000000000e+00 0.000000000000000000e+00
-1.172532557662338659e+00 9.127572468116762483e-01 -1.956935518862625401e+00 -7.986121941906808575e-01 -5.890931492492365029e-01 2.410521527450712131e+00 -2.367472129146599880e+00 7.035164248617039595e-01 -2.367548359482485321e+00 0.000000000000000000e+00
-1.198311065930949937e+00 8.862434212200219763e-01 -1.979008686100447223e+00 -8.250097589981839619e-01 -6.159786463859314720e-01 2.392470015704954100e+00 -2.386120607368937385e+00 6.769326681387984879e-01 -2.385628268544055963e+00 0.000000000000000000e+00
-1.223996686577742743e+00 8.596599033745557783e-01 -2.000927581872934180e+00 -8.513362495979799327e-01 -6.428178156152161149e-01 2.374231416039408682e+00 -2.404584940160001238e+00 6.503038135380553308e-01 -2.403525442768312370e+00 0.000000000000000000e+00
-1.249587500384716776e+00 8.330086869477575373e-01 -2.022690524984436689e+00 -8.775896244491596665e-01 -6.696085470840960063e-01 2.355807205150866057e+00 6.236316945076411100e-01 -2.421238464787661027e+00 0.000000000000000000e+00 0.000000000000000000e+00
2.828064871348202836e+00 -1.275081595692580949e+00 8.062917713384009089e-01 -2.044295847002675526e+00 -9.037678500819282812e-01 -6.963487343849391609e-01 2.337198875126905495e+00 5.969181460074476364e-01 -2.438765931341997817e+00 0.000000000000000000e+00
2.814204792369510155e+00 -1.300477068532297498e+00 7.795111615315174491e-01 -2.065741892387141121e+00 -9.298689012577338042e-01 -7.230362747334543316e-01 2.318407933305138169e+00 5.701650044270276663e-01 -2.456106453401111889e+00 0.000000000000000000e+00
2.800123303090559901e+00 -1.325772022755967727e+00 7.526688679577769880e-01 -2.087027018616233409e+00 -9.558907611279743310e-01 -7.496690691464784617e-01 2.299435902130920528e+00 5.433741075038317492e-01 -2.473258656286004165e+00 0.000000000000000000e+00
2.785821520382891325e+00 -1.350964570167068057e+00 7.257669063523024544e-01 -2.108149596313171781e+00 -9.818314213912838762e-01 -7.762450226195664049e-01 2.280284319013552885e+00 5.165472942417436153e-01 -2.490221179789113393e+00 0.000000000000000000e+00
2.771300579836283973e+00 -1.376052830650018821e+00 -2.129108009370619392e+00 -1.007688882449377488e+00 2.260954736180987190e+00 4.896864048298975036e-01 -2.506992678293421317e+00 0.000000000000000000e+00 0.000000000000000000e+00 0.000000000000000000e+00
2.756561635658485443e+00 -3.172164487492578289e+00 1.609278146363446016e+00 -2.149900655074049372e+00 -1.033461153561448631e+00 2.241448720533052441e+00 4.627932805617768763e-01 -2.523571820890431638e+00 0.000000000000000000e+00 0.000000000000000000e+00
2.741605860572954967e+00 -3.175589831598251589e+00 1.586054854193670538e+00 -2.170525944223816062e+00 -1.059146252997108961e+00 4.358697637545826398e-01 -2.539957291497012548e+00 0.000000000000000000e+00 0.000000000000000000e+00 0.000000000000000000e+00
2.726434445714597921e+00 -3.178766189054626601e+00 1.562698303479613582e+00 -2.190982301255939291e+00 -1.084742208187857937e+00 3.051984842047191560e+00 3.188403345503608044e+00 4.089176976688631004e-01 -2.556147788971075308e+00 0.000000000000000000e+00
2.711048600523546792e+00 -3.181693191202379367e+00 1.539210323720277884e+00 -2.211268164361572808e+00 -1.110247055877075839e+00 3.043033800225823704e+00 3.192672673697528829e+00 3.819389264283967189e-01 -2.572142027226081318e+00 0.000000000000000000e+00
2.695449553666262155e+00 -3.184370490249626595e+00 1.515592758353875746e+00 -2.231381985171021043e+00 -1.135658842383167721e+00 3.033856597094975349e+00 3.196697724275960883e+00 3.549352950206979274e-01 -2.587938735301266835e+00 0.000000000000000000e+00
2.679638548797195874e+00 -3.186797759524277573e+00 1.491847464198510442e+00 -2.251322230611865649e+00 -1.160975623286799818e+00 3.024454044637753025e+00 3.200478065699530639e+00 3.279086488950079259e-01 -2.603536657646671415e+00 0.000000000000000000e+00
2.663616850614601184e+00 -3.188974693264734483e+00 1.467976311908240294e+00 -2.271087380422849744e+00 -1.186195464263343213e+00 3.014826970726840916e+00 3.204013285903321240e+00 3.008608343645359784e-01 -2.618934553975724278e+00 0.000000000000000000e+00
2.647385740678996235e+00 -3.190901006865142886e+00 1.443981185415134538e+00 -2.290675928983757714e+00 -1.211316440773848369e+00 3.004976217971700336e+00 3.207302991263076386e+00 2.737936982096321747e-01 -2.634131199545296731e+00 0.000000000000000000e+00
2.630946518297275993e+00 -3.192576436892274216e+00 1.419863981869932568e+00 -2.310086385006437926e+00 -1.236336638318896952e+00 2.994902643885544169e+00 3.210346806934817998e+00 2.467090876768975594e-01 -2.649125385222278251e+00 0.000000000000000000e+00
2.614300500404924232e+00 -3.194000741144789934e+00 -2.329317271646284215e+00 -1.261254152579541765e+00 2.984607120791324064e+00 3.213144376921769130e+00 2.196088504004004849e-01 -2.663915917590774729e+00 0.000000000000000000e+00 0.000000000000000000e+00
2.597449021446302631e+00 -3.195173698710220833e+00 -2.348367126612368239e+00 -1.286067089556713894e+00 2.974090535727287321e+00 3.215695364139878887e+00 1.924948343230820369e-01 -2.678501619058043737e+00 0.000000000000000000e+00 0.000000000000000000e+00
2.580393433253034718e+00 1.854518640297005527e+00 -3.196095110019686825e+00 -2.367234502276232000e+00 -1.310773565709081767e+00 2.963353790352095896e+00 3.217999450481923596e+00 1.653688876183408152e-01 -2.692881327959172566e+00 0.000000000000000000e+00
1.877377945964091577e+00 -3.196764796900292804e+00 -2.385917965779310368e+00 2.952397800849531961e+00 3.220056336880148251e+00 1.382328586117850533e-01 -2.707053898660432445e+00 0.000000000000000000e+00 0.000000000000000000e+00 0.000000000000000000e+00
1.900092783443107169e+00 -3.197182602625215253e+00 -2.404416099139007557e+00 2.941223497832793132e+00 3.221865743367455348e+00 1.110885957031455956e-01 -2.721018201661366653e+00 0.000000000000000000e+00 0.000000000000000000e+00 0.000000000000000000e+00
2.935677307843760908e-01 1.922661402565698285e+00 -3.197348391961448488e+00 -1.360907214660351361e+00 -2.422727499353395153e+00 2.929831826248409765e+00 3.223427409137107791e+00 8.393794728833857410e-02 -2.734773123695533936e+00 0.000000000000000000e+00
3.220675365208609531e-01 1.945082064561210355e+00 -3.197262051215189693e+00 -1.335998937356910332e+00 -2.440850778504546348e+00 2.918223745279755921e+00 3.224741092600939663e+00 5.678276168166877802e-02 -2.748317567829954289e+00 0.000000000000000000e+00
3.505366847785185147e-01 1.967353042193230372e+00 -3.196923488274868053e+00 -1.310989280099366550e+00 -2.458784563860483274e+00 2.906400228250224149e+00 3.225806571446037552e+00 2.962488703816416880e-02 -2.761650453563190055e+00 0.000000000000000000e+00
3.789727649462351633e-01 1.989472619895206407e+00 -3.196332632651767369e+00 -1.285880147451222255e+00 -2.476527497975745007e+00 2.894362262526015694e+00 3.226623642689903093e+00 -2.774770716922089431e+00 0.000000000000000000e+00 0.000000000000000000e+00
4.073733710705932376e-01 2.011439093905103004e+00 -3.195489435518254595e+00 -1.260673451296516312e+00 -2.494078238790563784e+00 2.882110849418602072e+00 3.227192122734056756e+00 -2.787677310557164390e+00 0.000000000000000000e+00 0.000000000000000000e+00
4.357361020870448853e-01 2.033250772279654228e+00 -3.194393869623129323e+00 -1.235371110614313039e+00 -2.511435460079205484e+00 2.869647003771155891e+00 3.227511847139266532e+00 -2.800369203837394849e+00 0.000000000000000000e+00 0.000000000000000000e+00
4.640585621911802461e-01 2.054905975506214677e+00 -3.193045929808173700e+00 -1.209975051666618340e+00 -2.528597850140354097e+00 2.856971755126533452e+00 3.227582671786223933e+00 2.465423429683578915e-01 -2.812845382939609173e+00 0.000000000000000000e+00
4.923383609266137051e-01 2.076403035918660933e+00 -3.191445632317179371e+00 -1.184487207359602667e+00 -2.545564113992754507e+00 2.844086145737001470e+00 3.227404471265648667e+00 2.743398845423264398e-01 -2.825104850944535340e+00 0.000000000000000000e+00
5.205731135520138553e-01 2.097740298300228012e+00 -3.189593015300494994e+00 -1.158909517425773750e+00 -2.562332972083424920e+00 2.830991231713012812e+00 3.226977140019434476e+00 3.021089632822910320e-01 -2.837146627923413877e+00 0.000000000000000000e+00
5.487604412679243371e-01 2.118916119897203743e+00 -3.187488138723991948e+00 -1.133243928199064054e+00 2.817688082617411105e+00 3.226300592117332666e+00 3.298473564855939899e-01 -2.848969751027161212e+00 0.000000000000000000e+00 0.000000000000000000e+00
5.768979714695825489e-01 2.139928870547664896e+00 -3.185131084392570866e+00 -1.107492392469748399e+00 3.164045698862617773e+00 2.804177781366081312e+00 3.225374761300917825e+00 3.575528462395415885e-01 -2.860573274573322333e+00 0.000000000000000000e+00
6.049833379982966219e-01 2.160776932809188811e+00 -3.182521955971184369e+00 -1.081656869338967430e+00 3.170020397001295454e+00 2.790461424128338752e+00 3.224199601025910411e+00 3.852232196184578461e-01 0.000000000000000000e+00 0.000000000000000000e+00
6.330141813913326976e-01 2.181458702085544488e+00 -3.179660879003362250e+00 -1.055739324072855645e+00 3.175751529506031900e+00 3.222775084502838006e+00 4.128562688795131552e-01 -6.636339460402251866e-01 0.000000000000000000e+00 0.000000000000000000e+00
6.609881491302744827e-01 2.201972586752320993e+00 -3.176548000927196469e+00 -1.029741727956292152e+00 3.181238562704533646e+00 3.221101204736000145e+00 4.404497916573026917e-01 -6.359965815781249976e-01 0.000000000000000000e+00 0.000000000000000000e+00
6.889028958878090636e-01 2.222317008281522455e+00 -3.173183491088825914e+00 -1.003666058146277962e+00 3.186480981865535078e+00 3.219177974560761157e+00 4.680015911571624998e-01 2.554759388038237322e+00 -6.083107045298059568e-01 0.000000000000000000e+00
7.167560837729006762e-01 2.242490401365091479e+00 -3.169567540753371659e+00 -9.775142975249584421e-01 3.191478291267987544e+00 3.217005426679121705e+00 4.955094763471920016e-01 2.571743794591250243e+00 -5.805784270044270778e-01 0.000000000000000000e+00
7.445453825743045817e-01 2.262491214037356979e+00 -3.165700363113317373e+00 -9.512884345522861773e-01 3.196230014268753195e+00 3.214583613693569042e+00 5.229712621489698288e-01 2.588534376662504410e+00 -5.528018645950033561e-01 0.000000000000000000e+00
7.722684700023956239e-01 2.282317907796405976e+00 -3.161582193294350418e+00 -9.249904631183535342e-01 3.200735693368762735e+00 5.503847696269410505e-01 2.605129760717884491e+00 -5.249831362193796425e-01 0.000000000000000000e+00 0.000000000000000000e+00
7.999230319292494062e-01 2.301968957724349618e+00 -3.157213288358623249e+00 -8.986223823953849443e-01 3.204994890277612196e+00 5.777478261764549261e-01 2.621528587188748372e+00 -1.428992150954118134e+00 -4.971243639609741471e-01 0.000000000000000000e+00
8.275067626269573262e-01 2.321442852606499407e+00 -3.152593927305434640e+00 -8.721861966894145501e-01 6.050582657104357498e-01 2.637729510603013416e+00 -1.404421131160376923e+00 -4.692276729093043386e-01 0.000000000000000000e+00 0.000000000000000000e+00
8.550173650309212947e-01 2.340738095159824006e+00 -3.147724411359265506e+00 -8.456839153514842389e-01 6.323139288777095413e-01 2.653731199697166865e+00 -1.379741253129099565e+00 -4.412951909052121313e-01 1.984195682862222032e+00 0.000000000000000000e+00
8.824525508670335583e-01 2.359853201707078352e+00 -3.142605062802511284e+00 -8.191175523887256338e-01 6.595126631143621854e-01 2.669532337619357598e+00 -1.354954370227346772e+00 -4.133290487623811349e-01 2.006298550465067887e+00 0.000000000000000000e+00
9.098100410450032927e-01 2.378786702954188481e+00 -3.137236226705675257e+00 -7.924891266736832085e-01 6.866523230241972087e-01 2.685131621948354752e+00 -1.330062343875050956e+00 -3.853313795374388451e-01 2.028249030634769579e+00 0.000000000000000000e+00
9.370875657833007688e-01 2.397537143668601267e+00 -7.658006615583461407e-01 7.137307704291763200e-01 2.700527764893959404e+00 -1.305067044113550789e+00 -3.573043187455120506e-01 2.050045323393633545e+00 0.000000000000000000e+00 0.000000000000000000e+00
9.642828648640667799e-01 2.416103082900056709e+00 -7.390541847824991795e-01 -2.482726109053231323e+00 7.407458745810853173e-01 2.715719493406377083e+00 -1.279970349301510879e+00 -3.292500041074390427e-01 2.071685640145175089e+00 0.000000000000000000e+00
9.913936878599860503e-01 2.434483094092917632e+00 -7.122517283236766694e-01 -2.465247000629089857e+00 7.676955123396198566e-01 2.730705549302534951e+00 -1.254774145982136879e+00 -3.011705753892207627e-01 2.093168203848953191e+00 0.000000000000000000e+00
1.018417794359134820e+00 -6.853953282468593367e-01 -2.447584023162717060e+00 7.945775683489837427e-01 2.745484689391558764e+00 -1.229480328749658735e+00 -2.730681742413340052e-01 2.114491249194696110e+00 0.000000000000000000e+00 0.000000000000000000e+00
1.045352954187759753e+00 -6.584870245539304889e-01 -2.429738432960795613e+00 8.213899352129775400e-01 2.760055685599369646e+00 -1.204090800115081183e+00 -2.449449440379192489e-01 2.135653022775708898e+00 0.000000000000000000e+00 0.000000000000000000e+00
1.072196947630954744e+00 -6.315288610328892993e-01 -2.411711498872412651e+00 8.481305136685657331e-01 2.774417325092373598e+00 -1.178607470371212829e+00 -2.168030297158561326e-01 2.156651783261503752e+00 0.000000000000000000e+00 0.000000000000000000e+00
1.098947565651210212e+00 -6.045228851068429332e-01 -2.393504502219604646e+00 8.747972127579072277e-01 2.788568410400265929e+00 -1.153032257456986898e+00 -1.886445776137345709e-01 2.177485801569666535e+00 0.000000000000000000e+00 0.000000000000000000e+00
1.125602610104795120e+00 -5.774711476827809609e-01 -2.375118736727326318e+00 9.013879499988338706e-01 2.802507759537869791e+00 -1.127367086821068343e+00 -1.604717353107354416e-01 2.198153361036906617e+00 0.000000000000000000e+00 0.000000000000000000e+00
-5.503757030001383832e-01 -2.356555508452891079e+00 9.279006515537605582e-01 2.816234206126051909e+00 -1.101613891284765945e+00 -1.322866514654307546e-01 2.218652757589275826e+00 0.000000000000000000e+00 0.000000000000000000e+00 0.000000000000000000e+00
-5.232386084791674774e-01 -2.337816135714860799e+00 -3.116168710752739823e+00 9.543332523970186054e-01 -1.075774610904256967e+00 -1.040914756545155140e-01 2.238982299911526752e+00 0.000000000000000000e+00 0.000000000000000000e+00 0.000000000000000000e+00
-4.960619245691153534e-01 3.041325860822845506e+00 -2.318901949021376030e+00 -3.112663018574869156e+00 9.806836964805928369e-01 -1.049851192832119695e+00 -7.588835821148108562e-02 2.259140309615589093e+00 0.000000000000000000e+00 0.000000000000000000e+00
-4.688477145962255399e-01 3.033694967299235490e+00 -2.299814290997942656e+00 -3.108915021339794471e+00 1.006949936898253517e+00 -1.023845591178198733e+00 -3.103455129510919175e+00 -4.767945006524194201e-02 2.279125121408127175e+00 0.000000000000000000e+00
3.025837493135604905e+00 -2.280554516325752790e+00 -3.104924696604737910e+00 1.033129936071242039e+00 -9.977597670273437025e-01 -3.109925509420127465e+00 -1.946690270040784404e-02 2.298935083455219353e+00 0.000000000000000000e+00 0.000000000000000000e+00
3.017754111842805731e+00 -2.261123991623888330e+00 -3.100692042418713879e+00 1.059221665816214575e+00 -9.715956876670628350e-01 -3.116160600151125504e+00 8.747132492181718469e-03 2.318568556753711540e+00 0.000000000000000000e+00 0.000000000000000000e+00
3.009445513105836412e+00 -2.241524095441867814e+00 -3.096217075200527358e+00 1.085223107643339846e+00 -9.453553273904835574e-01 -3.122159985571073992e+00 3.696050364774550179e-02 2.338023916482646847e+00 2.527746424459654584e+00 0.000000000000000000e+00
3.000912401853754741e+00 -2.221756218141390349e+00 -3.091499831299548084e+00 1.111132252822308430e+00 -9.190406667319890310e-01 -3.127923266435752581e+00 6.517105906987435970e-02 2.357299551384286929e+00 2.511129434849133979e+00 0.000000000000000000e+00
2.992155498397256697e+00 -2.201821761832098101e+00 -3.086540366730936125e+00 1.136947102560771139e+00 -8.926536924778817328e-01 -3.133450060678083293e+00 9.337664727375410978e-02 2.376393864119147104e+00 2.494321377041364585e+00 0.000000000000000000e+00
-2.544334938850064010e+00 2.983175538354795542e+00 -2.181722140295999868e+00 -3.081338757269298068e+00 1.162665668158580079e+00 -8.661963975233479829e-01 -3.138740003420392277e+00 1.215751171475918657e-01 2.395305271427535576e+00 2.477323517640018569e+00
-2.560886884403559272e+00 2.973973272578076088e+00 -2.161458778911321765e+00 -3.075895098540777806e+00 1.188285971160350618e+00 -8.396707807287955294e-01 -3.143792746985630160e+00 1.497643181140173030e-01 2.414032204290002870e+00 2.460137137406148256e+00
-2.577244593232507874e+00 2.964549467076951661e+00 -2.141033114575798812e+00 -3.070209506113581899e+00 1.213806043506325372e+00 -8.130788467755708515e-01 -3.148607960907535919e+00 1.779421002914488015e-01 2.432573108086666824e+00 2.442763531165937696e+00
-2.593406850321178680e+00 2.954904902943677580e+00 -2.120446595629380315e+00 -3.064282115586849820e+00 1.239223927681532444e+00 -7.864226060210607328e-01 -3.153185331939763358e+00 2.450926442755363865e+00 2.425204007717485233e+00 0.000000000000000000e+00
-2.609372455030790405e+00 2.945040376276601535e+00 -2.099700681776368594e+00 -3.058113082677879735e+00 1.264537676863231042e+00 -7.597040743531924267e-01 -3.157524564063961314e+00 2.469090682948643867e+00 2.407459889736649039e+00 0.000000000000000000e+00
-2.625140221180765732e+00 2.934956698103242889e+00 -2.078796844006968403e+00 -3.051702583307636552e+00 1.289745355066636678e+00 -7.329252730443313046e-01 -3.161625378496814243e+00 2.487064318189545098e+00 2.389532513681940973e+00 0.000000000000000000e+00
-2.640708977129065715e+00 2.924654694302795122e+00 -2.057736564518270583e+00 -3.045050813684525348e+00 -7.060882286045950806e-01 -3.165487513696047195e+00 2.504845853026138158e+00 2.371423229698502499e+00 0.000000000000000000e+00 0.000000000000000000e+00
-2.656077565851596489e+00 2.914135205528070482e+00 -2.036521336634633084e+00 -3.038157990386378238e+00 -6.791949726345793970e-01 -3.169110725365402281e+00 2.522433807184818466e+00 2.353133401521134704e+00 0.000000000000000000e+00 0.000000000000000000e+00
-2.671244845020669167e+00 2.903399087126862455e+00 -2.015152664727492660e+00 -3.031024350440620019e+00 -6.522475416775155299e-01 -3.172494786458575078e+00 2.539826715722306449e+00 2.334664406376425028e+00 0.000000000000000000e+00 0.000000000000000000e+00
-2.686209687082536934e+00 2.892447209062766422e+00 -1.993632064134569282e+00 -3.023650151402572650e+00 -6.252479770708604390e-01 -3.175639487182130960e+00 2.557023129176343890e+00 2.316017634883946741e+00 0.000000000000000000e+00 0.000000000000000000e+00
-2.700970979150047580e+00 2.881280455653343342e+00 -1.971961061059353426e+00 -3.016035671775166627e+00 -5.981983246899533757e-01 -3.178544634666798707e+00 2.574021613474921644e+00 2.297194491261176807e+00 0.000000000000000000e+00 0.000000000000000000e+00
-2.715527623816015534e+00 2.869899726220299208e+00 -1.950141192565903348e+00 -2.323482200273166765e+00 -3.008181209706514370e+00 -3.181210054294306033e+00 2.590820751047432591e+00 2.278196392001141213e+00 0.000000000000000000e+00 0.000000000000000000e+00
-2.729878538125702914e+00 2.858305933917359987e+00 -1.928174006381566663e+00 -3.000087085119586661e+00 -3.183635587716146187e+00 2.607419139532265895e+00 2.259024767596305328e+00 0.000000000000000000e+00 0.000000000000000000e+00 0.000000000000000000e+00
-2.744022654377458625e+00 -1.156111895012017055e+00 2.846500006368685831e+00 -1.906061060889452596e+00 -2.991753638426015716e+00 -3.185821094158900912e+00 2.623815392871024610e+00 2.239681061232379644e+00 0.000000000000000000e+00 0.000000000000000000e+00
-2.757958920016816418e+00 -1.182026510139233988e+00 2.834482885410124720e+00 -2.983181230928047878e+00 -3.187766450100895987e+00 2.640008141219002180e+00 2.220166728980999871e+00 0.000000000000000000e+00 0.000000000000000000e+00 0.000000000000000000e+00
-2.771686297708342295e+00 -1.207853423484971156e+00 -1.998956055870117487e-01 2.822255527006906739e+00 -2.395104529580404762e+00 -3.189471549269032202e+00 2.655996031087510811e+00 2.200483239695567583e+00 0.000000000000000000e+00 0.000000000000000000e+00
-2.785203765406531140e+00 -1.233590635835843052e+00 -2.274513938308941330e-01 2.809818901170859196e+00 -2.412547808560608686e+00 -3.190936302634650445e+00 2.671777725484751898e+00 2.180632074906208473e+00 0.000000000000000000e+00 0.000000000000000000e+00
-2.798510316425757871e+00 -1.259236153965653138e+00 -2.549914573456945055e-01 2.797173991877150101e+00 -2.429803418613761590e+00 -3.192160638408406470e+00 2.687351904055181429e+00 2.160614728713848187e+00 0.000000000000000000e+00 0.000000000000000000e+00
-2.811604959509260482e+00 -1.284787990794276524e+00 -2.825134703918861789e-01 2.784321796980555153e+00 -2.446870012545425688e+00 -3.193144502034159782e+00 2.140432707683417757e+00 0.000000000000000000e+00 0.000000000000000000e+00 0.000000000000000000e+00
1.191157000804063948e+00 -2.824486718897177617e+00 -1.310244165546356587e+00 -3.100151080791740399e-01 2.771263328131285064e+00 -2.463746258540724821e+00 -3.193887856181917062e+00 2.120087530736183723e+00 0.000000000000000000e+00 0.000000000000000000e+00
1.164623334128200627e+00 -2.837154634393618924e+00 -1.335602703909792854e+00 -3.374940466166816422e-01 2.757999610690349268e+00 -2.480430840274456372e+00 -3.194390680739777721e+00 2.099580729041225169e+00 0.000000000000000000e+00 0.000000000000000000e+00
1.138001421526864565e+00 -2.849607761432769504e+00 -1.360861638194015510e+00 -3.649479635632510433e-01 2.744531683644492848e+00 -2.496922457019719488e+00 -3.194652972804935764e+00 2.078913845906037228e+00 0.000000000000000000e+00 0.000000000000000000e+00
1.111293409536012078e+00 -2.861845171144039579e+00 -1.386019007488028310e+00 -3.923745380778094205e-01 2.730860599520694265e+00 -2.513219823755073357e+00 -3.194674746673718424e+00 2.058088436666297483e+00 0.000000000000000000e+00 0.000000000000000000e+00
1.084501450903749165e+00 -2.873865950416227388e+00 -1.411072857818197468e+00 -4.197714511697536732e-01 2.716987424300242093e+00 -2.529321671270170491e+00 -3.194456033830663788e+00 2.037106068574775275e+00 0.000000000000000000e+00 0.000000000000000000e+00
1.057627704391751466e+00 -2.885669201960721519e+00 -1.436021242305788537e+00 -4.471363859493113213e-01 2.702913237332393415e+00 -2.545226746269888984e+00 -3.193996882936654291e+00 2.015968320689398574e+00 0.000000000000000000e+00 0.000000000000000000e+00
1.030674334876795273e+00 -2.897254044701317088e+00 -1.460862221216842505e+00 -4.744670278063100044e-01 2.688639131386642234e+00 -2.560933811252317227e+00 -3.193297360173499744e+00 1.994676783545537457e+00 0.000000000000000000e+00 0.000000000000000000e+00
1.003643511946860745e+00 -2.908619612521574638e+00 -1.485593862549821953e+00 -5.017610649471950790e-01 2.674166212008027621e+00 1.755925660568301350e+00 -2.576441645510751499e+00 2.656857569290132837e+00 1.973233059904541786e+00 0.000000000000000000e+00
9.765374115018300438e-01 -2.919765056288124772e+00 -1.510214241548808678e+00 -5.290161882164645668e-01 2.659495598262608063e+00 1.732782433454938875e+00 -2.591749043887169091e+00 2.642858556094179079e+00 1.951638763351226880e+00 0.000000000000000000e+00
9.493582143668540807e-01 -2.930689542615359855e+00 -1.534721441284196297e+00 -5.562300916290995323e-01 2.644628422100169463e+00 1.709514233938359329e+00 -2.606854817757896292e+00 2.628661198309666602e+00 1.929895519028102857e+00 0.000000000000000000e+00
9.221081063844718262e-01 -2.941392254241988802e+00 -1.559113552704381123e+00 -5.834004725506228839e-01 2.629565828400986849e+00 1.686122752358953258e+00 -2.621757794911788064e+00 2.614266632471368368e+00 1.908004963310495850e+00 0.000000000000000000e+00
8.947892782147214286e-01 -1.583388674791427420e+00 -6.105250319463405573e-01 2.614308974887133097e+00 1.662609686273752718e+00 -2.636456819645072613e+00 2.599676008943376804e+00 1.885968743689695915e+00 0.000000000000000000e+00 0.000000000000000000e+00
8.674039251351143287e-01 -1.607544914716371842e+00 -6.376014746302393066e-01 2.598859032033418170e+00 1.638976740354345596e+00 -2.650950752854619452e+00 2.584890491817074309e+00 1.320483169910914023e-01 1.863788518655324467e+00 0.000000000000000000e+00
8.399542468404916917e-01 -1.631580387994171710e+00 -6.646275095134958066e-01 1.615225626284841898e+00 -2.665238472129647818e+00 2.569911258808441623e+00 1.044331732868596929e-01 1.841465957576920109e+00 0.000000000000000000e+00 0.000000000000000000e+00
8.124424472427851374e-01 -1.655493218638242503e+00 -6.916008498525463288e-01 1.591358062659876893e+00 -2.679318871841814165e+00 2.554739501154715597e+00 7.681473153511834961e-02 -1.792026988786473929e+00 1.819002740584742872e+00 0.000000000000000000e+00
7.848707342707120782e-01 -1.679281539314616989e+00 -7.185192134966794653e-01 1.567375774882673767e+00 -2.693190863233736021e+00 2.539376423510415481e+00 4.919516466443669966e-02 -1.814626016263045871e+00 1.796400558449818163e+00 0.000000000000000000e+00
7.572413196694223192e-01 -1.702943491495674477e+00 -7.453803231350998315e-01 1.543280495063143354e+00 -2.706853374505888254e+00 2.523823243842741704e+00 2.157664418355167979e-02 -1.837098504891649275e+00 1.773661112463217560e+00 0.000000000000000000e+00
7.295564188001275596e-01 -1.726477225613451294e+00 -7.721819065434194496e-01 1.519073961916039162e+00 -2.720305350901909502e+00 2.508081193326351155e+00 -6.038660001134657854e-03 -1.859442836848757441e+00 1.750786114314584863e+00 0.000000000000000000e+00
7.018182504397317834e-01 -1.749880901212496731e+00 -7.989216968295348442e-01 1.494757920659146144e+00 -2.733545754792268578e+00 -3.364857976743629298e-02 -1.881657400568070848e+00 1.727777285969922749e+00 0.000000000000000000e+00 0.000000000000000000e+00
6.740290365804894046e-01 -1.773152687102278913e+00 -8.255974326788367845e-01 3.004704359206143316e+00 1.470334122911520547e+00 -6.125094895862583794e-02 -1.903740590832832202e+00 0.000000000000000000e+00 0.000000000000000000e+00 0.000000000000000000e+00
6.461910022297167044e-01 -1.796290761509106382e+00 -8.522068585987163658e-01 2.993889185742850234e+00 -3.188206526012043796e+00 -2.820122115339112057e+00 1.445804326591767941e+00 -8.884360356401942160e-02 -1.925690808868565584e+00 0.000000000000000000e+00
6.183063748398865966e-01 -1.819293312246714756e+00 2.982839397326632280e+00 -3.188508128520754603e+00 -2.830693400441696372e+00 1.421170295698909181e+00 -1.164243819164137717e-01 -1.947506462397970761e+00 0.000000000000000000e+00 0.000000000000000000e+00
5.903773855912558544e-01 -1.842158536790438950e+00 2.971555820193777286e+00 -3.188565925609736507e+00 -2.841047926775225108e+00 1.396433800681830206e+00 2.541355833258690300e+00 -1.439911248010121714e-01 -1.969185965888062828e+00 0.000000000000000000e+00
3.136039734486145480e+00 2.960039298935849938e+00 -3.188379959791012297e+00 -2.851185036871584533e+00 1.371596617633833004e+00 -1.715416757389581215e-01 -1.990727740414813374e+00 0.000000000000000000e+00 0.000000000000000000e+00 0.000000000000000000e+00
2.948290698067716153e+00 -3.187950292047973200e+00 -2.861104089611569812e+00 1.346660528655239997e+00 -1.990738810958568861e-01 -2.012130213908905674e+00 0.000000000000000000e+00 0.000000000000000000e+00 0.000000000000000000e+00 0.000000000000000000e+00
3.147195270074093276e+00 2.936310901567120712e+00 -3.187277001885982841e+00 -2.870804460396981561e+00 1.321627321637753205e+00 2.487496802282850084e+00 -2.265855902758438511e-01 -2.033391821213455852e+00 0.000000000000000000e+00 0.000000000000000000e+00
3.152410705326858409e+00 2.924100812812076011e+00 -3.186360187312104575e+00 -2.880285541158692286e+00 1.296498790162959436e+00 2.469146738846701439e+00 -2.540746558978650982e-01 -2.054511004179366385e+00 -3.061783882092942832e+00 0.000000000000000000e+00
2.403930761291419138e+00 3.157384062529116076e+00 2.911661354516234645e+00 -3.185199964813452578e+00 -2.889546740363567512e+00 1.271276733400871883e+00 2.450600491688579741e+00 -2.815389339711820704e-01 -2.075486211761116362e+00 -3.055329838874645709e+00
2.421949840926615583e+00 3.162114972856599149e+00 2.898993468662244499e+00 -3.183796469334182699e+00 -2.898587483020256705e+00 1.245962956008514810e+00 2.431859492448276594e+00 -3.089762840700831514e-01 -2.096315900113002950e+00 -3.048639305261993560e+00
2.439770616227950217e+00 3.166603086269516698e+00 2.886098116433063687e+00 -3.182149854251091980e+00 -2.907407210683833565e+00 1.220559268028531319e+00 2.412925189902153544e+00 -3.363845695077878895e-01 -3.041712810464101135e+00 0.000000000000000000e+00
2.457391824640050348e+00 -9.661218510332399978e-01 3.170848071535849577e+00 2.872976278141283313e+00 -3.180260291347884127e+00 -2.916005381459340740e+00 1.195067484787832868e+00 2.393799049848596372e+00 -3.637616575095267146e-01 -3.034550902540524397e+00
2.474812222786063387e+00 -9.401426999917618099e-01 3.174849616253120121e+00 2.859628953156420739e+00 -3.178127970788069412e+00 -2.924381470004199457e+00 1.169489426796272324e+00 2.374482554991427907e+00 -3.911054193847847138e-01 -3.027154148353415231e+00
2.492030586522763436e+00 -9.140906506349723015e-01 3.178607426868643948e+00 2.846057159830233108e+00 -3.175753101086515873e+00 -2.932534967529539571e+00 1.143826919645349882e+00 2.354977204821319337e+00 -4.184137306986869254e-01 -3.019523133517976188e+00
2.509045710993030642e+00 -8.879676306228759808e-01 3.182121228698246540e+00 2.832261935420013366e+00 -3.173135909079660255e+00 -2.940465381800432709e+00 1.118081793906942734e+00 2.335284515495176905e+00 -4.456844714425213794e-01 -3.011658462351211263e+00
