2.179750899154679428e+04 2.266059277617401676e+04 2.420398633332421014e+04 2.112241728205503750e+04 2.104443733924099433e+04 2.375467739541804622e+04 2.180158638853647062e+04 2.147306483731708067e+04 2.600599777354035177e+04 2.122189752361208593e+04
2.186095390288675117e+04 2.270952873011629345e+04 2.428324323243230538e+04 2.114840306672019869e+04 2.105511157286585876e+04 2.382862990358134994e+04 2.176894644782269097e+04 2.152750214332721953e+04 2.603638705519462746e+04 2.122396498821824207e+04
2.192511014555106522e+04 2.275902609662388204e+04 2.436279000849050863e+04 2.117494428392440386e+04 2.106691981155296889e+04 2.390288312485076312e+04 2.173734158503376239e+04 2.158258099914473496e+04 2.606681143625180630e+04 2.122663625775738183e+04
2.198996206017937220e+04 2.280907619574352793e+04 2.444261162285742466e+04 2.120203593805416313e+04 2.107985816558153965e+04 2.397742328566172728e+04 2.170678079635681570e+04 2.163829004174556758e+04 2.609727005664261014e+04 2.122991026126609358e+04
2.205549453833333973e+04 2.285967070867431539e+04 2.452269373371166148e+04 2.122967322863381560e+04 2.109392253870670538e+04 2.405223630133489132e+04 2.167727290538076340e+04 2.169461802202218314e+04 2.612775984247198357e+04 2.123378624488490095e+04
2.212169193655404888e+04 2.291080058029890279e+04 2.460302185201785323e+04 2.125785085044853622e+04 2.110910806617904382e+04 2.412730870821242206e+04 2.164882639222624493e+04 2.175155352082701938e+04 2.615828005818996826e+04 2.123826304109184275e+04
2.218853864254622385e+04 2.296245726724472115e+04 2.468358233814284540e+04 2.128656388540990156e+04 2.112541004801073359e+04 2.420262619733304382e+04 2.162144980915883934e+04 2.180908530396681454e+04 2.618882797533104167e+04 2.124333948763160879e+04
2.225601968389252215e+04 2.301463218228405458e+04 2.476436027246503727e+04 2.131580744456620960e+04 2.114282319268667197e+04 2.427817610391406561e+04 2.159515118761947451e+04 2.186720210553488505e+04 2.621940021776461435e+04 2.124901461435158490e+04
2.232411896203989818e+04 2.306731633534390858e+04 2.484534164335786772e+04 2.134557591816280546e+04 2.116134160087967757e+04 2.435394418838852653e+04 2.156993769816398708e+04 2.192589224364227266e+04 2.624999827424628893e+04 2.125528668755562830e+04
2.239282182397984070e+04 2.312050124961444817e+04 2.492651344439309469e+04 2.137586453794758199e+04 2.118095997416423052e+04 2.442991714020986547e+04 2.154581773227385565e+04 2.198514470662729946e+04 2.628061496846567752e+04 2.126215505595691138e+04
2.246211223141006121e+04 2.317417717103329778e+04 2.500786112000116191e+04 2.140666764339946531e+04 2.120167141648437973e+04 2.450608214277517982e+04 2.152279753271095979e+04 2.204494755486281065e+04 2.631125321574057307e+04 2.126961738671482453e+04
2.253197526818772531e+04 2.322833604154625937e+04 2.508937070999755451e+04 2.143798023348656352e+04 2.122346966372207680e+04 2.458242577264201100e+04 2.150088427062842311e+04 2.210528969527199297e+04 2.634190857091174257e+04 2.127767245991414165e+04
2.260239561181366298e+04 2.328296852562227650e+04 2.517102948687816024e+04 2.146979686553735519e+04 2.124634777630575991e+04 2.465893472750844376e+04 2.148008435339010248e+04 2.216615957497338241e+04 2.637257903497374718e+04 2.128631869913661649e+04
2.267335763502460395e+04 2.333806632035275834e+04 2.525282279628904507e+04 2.150211188948805648e+04 2.127029849173712137e+04 2.473559658694166501e+04 2.146040397175278486e+04 2.222754574713383408e+04 2.640326347366796836e+04 2.129555408723289656e+04
2.274484619114776433e+04 2.339361923880120594e+04 2.533473893955458334e+04 2.153491997174032076e+04 2.129531420450203950e+04 2.481239782542693865e+04 2.144184876290957618e+04 2.228943697563255046e+04 2.643396003011224457e+04 2.130537674743792013e+04
2.281684733283012611e+04 2.344962033639365836e+04 2.541675421985065987e+04 2.156821664906135629e+04 2.132138823308356586e+04 2.488932662732302924e+04 2.142442547757893772e+04 2.235182263223268819e+04 2.646466748401760560e+04 2.131578592456546176e+04
2.288934297196469925e+04 2.350605738385961740e+04 2.549888007900141383e+04 2.160199374031143452e+04 2.134850979023869149e+04 2.496636870531708701e+04 2.140813636302162195e+04 2.241468852348346991e+04 2.649538110030318421e+04 2.132677674289303832e+04
2.296231991671072683e+04 2.356292315368421259e+04 2.163624730906343393e+04 2.137667220050854667e+04 2.504351250259994049e+04 2.139298795847448127e+04 2.247802529618850895e+04 2.652610401156088483e+04 2.133834868649789860e+04 0.000000000000000000e+00
2.303576438810684704e+04 2.362021008574818916e+04 2.167097290377978425e+04 2.140586813244277073e+04 2.512074626459717911e+04 2.137898616876720553e+04 2.254182252447800784e+04 2.655682425431790034e+04 2.135050114908766045e+04 0.000000000000000000e+00
2.310965857052166029e+04 2.367790633095708108e+04 2.170616252945553788e+04 2.143608581594896168e+04 2.519805686780130782e+04 2.136613219973920422e+04 2.260606636385850288e+04 2.658755671168116896e+04 2.136322890451350031e+04 0.000000000000000000e+00
2.318399002455450682e+04 2.373600518251536050e+04 2.174181266956109903e+04 2.146731857618872891e+04 2.527543380279714984e+04 2.135443242688769533e+04 2.267074814583091575e+04 2.661828066916639000e+04 2.137653194431880183e+04 0.000000000000000000e+00
2.325874287496457328e+04 2.379449623675631301e+04 2.177791623175322093e+04 2.149955557814564236e+04 2.535286193890175855e+04 2.134388861422080299e+04 2.273585448547206397e+04 2.664900739447600427e+04 2.139040645797053003e+04 0.000000000000000000e+00
2.333390200128194556e+04 2.385337066099649383e+04 2.181446761055666138e+04 2.153278711107479830e+04 2.543032756981117200e+04 2.133450408806561973e+04 2.280137473047223102e+04 2.163318005314408947e+04 2.667973439128163591e+04 2.140485016696488674e+04
2.340945353102850277e+04 2.391261928383079066e+04 2.185146145559136130e+04 2.156700362611898163e+04 2.550783084224186678e+04 2.132628162323357537e+04 2.286729793665177931e+04 2.158173015837848652e+04 2.671044832377739658e+04 2.141986040538164525e+04
2.348538201428303000e+04 2.397223281978075102e+04 2.188889137726646004e+04 2.160219443089015112e+04 2.131922306589931031e+04 2.293361213144918656e+04 2.153087453370300500e+04 2.674116305235359687e+04 2.143543416494268968e+04 0.000000000000000000e+00
2.356167427987104747e+04 2.403220434759067939e+04 2.192675348019442026e+04 2.163835075734031852e+04 2.131333211501137703e+04 2.300030793948997598e+04 2.148062432236010864e+04 2.677185915204362391e+04 2.145157039061367323e+04 0.000000000000000000e+00
2.363831465118494089e+04 2.409252151129666890e+04 2.196503905744239819e+04 2.167545960453176303e+04 2.130860786263267073e+04 2.306737185616794159e+04 2.143098624757443395e+04 2.680255374546679741e+04 2.146826368395493046e+04 0.000000000000000000e+00
2.371528869937343916e+04 2.415317692351134247e+04 2.200374400853696352e+04 2.171351148612756879e+04 2.130505266722945817e+04 2.313479408663820868e+04 2.138197084577916394e+04 2.683323511311615584e+04 2.148551239838448237e+04 0.000000000000000000e+00
2.379258233556148116e+04 2.421416131616907660e+04 2.204286166481250984e+04 2.175249454607701045e+04 2.130266699585740571e+04 2.320256283583274853e+04 2.133358687048798311e+04 2.150331305121183686e+04 0.000000000000000000e+00 0.000000000000000000e+00
2.387018203932571123e+04 2.427546577895433438e+04 2.208238675561489799e+04 2.179239824272717306e+04 2.130145167244911499e+04 2.327066802271296547e+04 2.128584386068220192e+04 2.152166294608730823e+04 0.000000000000000000e+00 0.000000000000000000e+00
2.394807338024527417e+04 2.433708088875564499e+04 2.212231339000485241e+04 2.183321094504059147e+04 2.130140639980412743e+04 2.333909803466987796e+04 2.123875063490747925e+04 2.154055881989381669e+04 0.000000000000000000e+00 0.000000000000000000e+00
2.402624212641614940e+04 2.439899860947639172e+04 2.216263515796587308e+04 2.187492079208379801e+04 2.130253109613992274e+04 2.340784189853910721e+04 2.119231624758991893e+04 2.155999703384246459e+04 0.000000000000000000e+00 0.000000000000000000e+00
2.410467432383087362e+04 2.446120881599517452e+04 2.220334649006992913e+04 2.191751626054438748e+04 2.130482475203971626e+04 2.347688911525176081e+04 2.114654961842964622e+04 2.157997475318325814e+04 0.000000000000000000e+00 0.000000000000000000e+00
2.418335586843475539e+04 2.452370209340141810e+04 2.224444060871957117e+04 2.196098461722455613e+04 2.130828603543380086e+04 2.354622808319630713e+04 2.110145922305789645e+04 2.277661616664155008e+04 2.160048778761056383e+04 0.000000000000000000e+00
2.426227394076866767e+04 2.458647104251818382e+04 2.409310001134371851e+04 2.228591234339761286e+04 2.200531426217499029e+04 2.131291390549793141e+04 2.361584846090461360e+04 2.105705393640825787e+04 2.273530323976046202e+04 2.162153329858062352e+04
2.434141452184636728e+04 2.464950580042287038e+04 2.406682412104709147e+04 2.232775619993429063e+04 2.205049344569578170e+04 2.131870708203583854e+04 2.368574039249571069e+04 2.101334353401080443e+04 2.269458790501980548e+04 2.164310814066812600e+04
2.442076454342082798e+04 2.471279666954521599e+04 2.404118369959226402e+04 2.236996562761673340e+04 2.209650912493147916e+04 2.132566267190011786e+04 2.375589276647121005e+04 2.097033577376076573e+04 2.265448005827976522e+04 2.166520833071004381e+04
2.450030969340968295e+04 2.477633879903992056e+04 2.401618450062374177e+04 2.241253451252606101e+04 2.214334861256181466e+04 2.133377800465879773e+04 2.382629358339848841e+04 2.092803903357174204e+04 2.261498979259344196e+04 2.168782984400536225e+04
2.458003761365914033e+04 2.484011876393697094e+04 2.399183378952427665e+04 2.245545687382438700e+04 2.219099923824259531e+04 2.134305039640882023e+04 2.389693410372913422e+04 2.088646173697777704e+04 2.257612764239635726e+04 2.171096926824339243e+04
2.465993496016820791e+04 2.396813764571053252e+04 2.249872763315428892e+04 2.223944868087569193e+04 2.135347707485457795e+04 2.396780351433115720e+04 2.084561306317297931e+04 2.253790425847184088e+04 2.173462327626892147e+04 0.000000000000000000e+00
2.473998746535987812e+04 2.394510105290412321e+04 2.254233950043017467e+04 2.228868336731366799e+04 2.136505333564541434e+04 2.403889052104590155e+04 2.080550036992999230e+04 2.250032894723264326e+04 2.175878724199280259e+04 0.000000000000000000e+00
2.482018375924214706e+04 2.392273086761535524e+04 2.258628687985392025e+04 2.233869014491161579e+04 2.137777556351262683e+04 2.411018513829615767e+04 2.076613176694089998e+04 2.246341186567311888e+04 2.178345740500135435e+04 0.000000000000000000e+00
2.490050886454624560e+04 2.390103283375315368e+04 2.263056426682703386e+04 2.238945620127753500e+04 2.139163956074010275e+04 2.418167757245328903e+04 2.072751565839619798e+04 2.242716296467002030e+04 2.180862998725168654e+04 0.000000000000000000e+00
2.498095123595814221e+04 2.388001287987637988e+04 2.267516545572955147e+04 2.244096798501116427e+04 2.140664044590949561e+04 2.425335646585352515e+04 2.068965969773109464e+04 2.239159258144658088e+04 2.183430090453994853e+04 0.000000000000000000e+00
2.385967549816404426e+04 2.272008374870129774e+04 2.249321214087042972e+04 2.142277291506515758e+04 2.432521271692292794e+04 2.065257179962924783e+04 2.235670958495578816e+04 2.186046601950192780e+04 0.000000000000000000e+00 0.000000000000000000e+00
2.384002703064951857e+04 2.276531405927537708e+04 2.254617519620739040e+04 2.144003185270863105e+04 2.439723539692382838e+04 2.061625951835086380e+04 2.232252437006384935e+04 2.188712117182429574e+04 0.000000000000000000e+00 0.000000000000000000e+00
2.382107181488177594e+04 2.281085038940230879e+04 2.259984377983691957e+04 2.145841130810766845e+04 2.446941499640261463e+04 2.058073041422142705e+04 2.228904619290960181e+04 2.191426227786308664e+04 0.000000000000000000e+00 0.000000000000000000e+00
2.380281540731172208e+04 2.285668608851009412e+04 2.265420424797962551e+04 2.147790551020030762e+04 2.454174134341407262e+04 2.054599193444941557e+04 2.225628453580697169e+04 2.194188502249320300e+04 0.000000000000000000e+00 0.000000000000000000e+00
2.378526282623501902e+04 2.019611787297267801e+04 2.290281658771199000e+04 2.270924306951278413e+04 2.149850811765626349e+04 2.461420291588001419e+04 2.051205165662008949e+04 2.222424891590443076e+04 2.196998564010923292e+04 0.000000000000000000e+00
2.376841760348974276e+04 2.017523448365509830e+04 2.294923385180634796e+04 2.276494589450529020e+04 2.152021138878239799e+04 2.468679556774415687e+04 2.047891571051339997e+04 2.219294786900312101e+04 2.199855858595520476e+04 0.000000000000000000e+00
2.375228514304977580e+04 2.015550142672922448e+04 2.299593364013942846e+04 2.282129950617334907e+04 2.154300918530485797e+04 2.475950349639406704e+04 2.044659183633165594e+04 2.216239093825005693e+04 2.202760052691803139e+04 0.000000000000000000e+00
2.373686993143581276e+04 2.013692528879202655e+04 2.304290942113114215e+04 2.287829031491550995e+04 2.156689428415819930e+04 2.483231632208328665e+04 2.041508719468184790e+04 2.213258740084095552e+04 2.205710716133388632e+04 0.000000000000000000e+00
2.372217466713043905e+04 2.011951109652152809e+04 2.309015447783869240e+04 2.293590299345322273e+04 2.159185755772875928e+04 2.490523533634689375e+04 2.038440707019858019e+04 2.210354461416510458e+04 2.208707245639424582e+04 0.000000000000000000e+00
2.370820547365659149e+04 2.010326675476004675e+04 2.313766508184810664e+04 2.299412562696649184e+04 2.161789296598646251e+04 2.035455978236948431e+04 2.207527319412765428e+04 2.211749398260809539e+04 0.000000000000000000e+00 0.000000000000000000e+00
2.369496480353574225e+04 2.008819686876776541e+04 2.318543331926922110e+04 2.305294319103346061e+04 2.164499123149569277e+04 2.032555071234632123e+04 2.204778058063974822e+04 2.214836612888210220e+04 0.000000000000000000e+00 0.000000000000000000e+00
2.368245655851705305e+04 2.007430686078740837e+04 2.323345429438197243e+04 2.311234173467605433e+04 2.167314373674406670e+04 2.029738613517065096e+04 2.202107542626158101e+04 2.217968440642682617e+04 0.000000000000000000e+00 0.000000000000000000e+00
2.367068416302048354e+04 2.006160170958124218e+04 2.328172150297318512e+04 2.317230753240295599e+04 2.170234206996132343e+04 2.027007218286091666e+04 2.199516572504581200e+04 2.221144422100855809e+04 0.000000000000000000e+00 0.000000000000000000e+00
2.365965041211025164e+04 2.005008597957796519e+04 2.333023006750131026e+04 2.323282646234035201e+04 2.173257680549367069e+04 2.024361451221749667e+04 2.197005972781240052e+04 2.224364082299051006e+04 0.000000000000000000e+00 0.000000000000000000e+00
2.364935912450205797e+04 2.003976375277330226e+04 2.337897333528003946e+04 2.329388463686524483e+04 2.176383856953331269e+04 2.021801891721183347e+04 2.194576521444225000e+04 2.227626954701862269e+04 0.000000000000000000e+00 0.000000000000000000e+00
2.363981247474714837e+04 2.003063911260564419e+04 2.342794539882552999e+04 2.335546805058172686e+04 2.179611791730128971e+04 2.019329099919529835e+04 2.192228986134311708e+04 2.230932593816276858e+04 0.000000000000000000e+00 0.000000000000000000e+00
2.477537430291562123e+04 2.363101356342985673e+04 2.002271552586529288e+04 2.347714127290069518e+04 2.341756252733488145e+04 2.182940477417463626e+04 2.016943604408756437e+04 2.189964135555852408e+04 2.234280504543986899e+04 0.000000000000000000e+00
2.471792268028637773e+04 2.362296454526576781e+04 2.001599572111501038e+04 2.352655469458063817e+04 2.348015403574815355e+04 2.186368904675728481e+04 2.014645894992443937e+04 2.187782684808284830e+04 2.237670192814929396e+04 0.000000000000000000e+00
2.466086646022031346e+04 2.361566783468843641e+04 2.001048275958886370e+04 2.357617992762113136e+04 2.354322883367595932e+04 2.189896043585272491e+04 2.012436494197313004e+04 2.185685373650056499e+04 2.241101206652324618e+04 0.000000000000000000e+00
2.460421883810065992e+04 2.360912536414450733e+04 2.000617882754260791e+04 2.362601173001823918e+04 2.423604569364719282e+04 2.360677311946604459e+04 2.193520828617174629e+04 2.010315857685469382e+04 2.183672901827098758e+04 2.244573040181980468e+04
2.454798912651476712e+04 2.360333947448226536e+04 2.000308576574100880e+04 2.367604290258531546e+04 2.416916950529399037e+04 2.367077240365894977e+04 2.197242159124458340e+04 2.008284418122645366e+04 2.181745918104021257e+04 2.248085197359279118e+04
2.449218833744323274e+04 2.359831106680852463e+04 2.000120521481887408e+04 2.372626955180117147e+04 2.410240848111734886e+04 2.373521285182575957e+04 2.201058947316869308e+04 2.006342646146291008e+04 2.179905096852066708e+04 2.251637202140481895e+04
2.443682881926707341e+04 2.359404197870636563e+04 2.000053829901846257e+04 2.377668484468451061e+04 2.403577008660681895e+04 2.380008059933741970e+04 2.204970058766909278e+04 2.004490922973007400e+04 2.178151095438934499e+04 2.255228559659476377e+04
2.438192003378388472e+04 2.359053366528893093e+04 2.000108600889903391e+04 2.382728373549930620e+04 2.396926186660809617e+04 2.386536217906645106e+04 2.208974369416556510e+04 2.002729671575492466e+04 2.176484523278343841e+04 2.258858771617714956e+04
2.432747406085473631e+04 2.358778676560848544e+04 2.000284831814375138e+04 2.387806060202795197e+04 2.390289208675468035e+04 2.393104366480739918e+04 2.213070686255189867e+04 2.001059229972420144e+04 2.174905962269300289e+04 2.262527361560576537e+04
2.427350118499977907e+04 2.358580292773892143e+04 2.000582558763451379e+04 2.392900953875284176e+04 2.383666852896919954e+04 2.399711052960249799e+04 2.217257863590468332e+04 1.999479968460151940e+04 2.173416012712216616e+04 2.266233814371798144e+04
2.422001322363873260e+04 2.358458194888499565e+04 2.001001727738647241e+04 2.398012444419030362e+04 2.377059917739517550e+04 2.406355017147936451e+04 2.221534649356320006e+04 1.997992230877413385e+04 2.172015227107796090e+04 2.269977617028193708e+04
2.416702007892032634e+04 2.358412501031463398e+04 2.001542238683651522e+04 2.403140213546390805e+04 2.370469171813538924e+04 2.413034758355494341e+04 2.225899879354922814e+04 1.996596275133946256e+04 2.170704115171094600e+04 2.273758255430624558e+04
2.411453368625645817e+04 2.358443193294767843e+04 2.002203997056646767e+04 2.408283424679870950e+04 2.363895474766167172e+04 2.419748995860152718e+04 2.230352264259324147e+04 1.995292425757939782e+04 2.169483211946108349e+04 2.277575275368009170e+04
2.406256409704857651e+04 2.358550259525628644e+04 2.002986837290036419e+04 2.413441786012461307e+04 2.357339534119543532e+04 2.426496358558896463e+04 2.234890597815650108e+04 1.994080907677073992e+04 2.168352985429551700e+04 2.281428142044483320e+04
2.401112302438607003e+04 2.358733749473603893e+04 2.003890597214872469e+04 2.418614316432038686e+04 2.350802324674564079e+04 2.433275446034083507e+04 2.239513625624645647e+04 1.992962018932025239e+04 2.167313947836270381e+04 2.285316362080660838e+04
2.396021961504152569e+04 2.358993597994331503e+04 2.004915000014168618e+04 2.344284508335757710e+04 2.440085012460259895e+04 2.244220051609464645e+04 1.991935937228349940e+04 2.166366496153716434e+04 2.289239400959954219e+04 0.000000000000000000e+00
2.390986645734948979e+04 2.359329721062526005e+04 2.006059765260625500e+04 2.337787029837133377e+04 2.446923552982692854e+04 2.249008554463261316e+04 1.991002834267947037e+04 2.165511041930875217e+04 2.293196760361141423e+04 0.000000000000000000e+00
2.386007242590727037e+04 2.359742077793031785e+04 2.007324620629804485e+04 2.331310647070846608e+04 2.453789827345338563e+04 2.253877862489081599e+04 1.990162920979836417e+04 2.164748017191572944e+04 2.297187942692705110e+04 0.000000000000000000e+00
2.381084926992603869e+04 2.360230556809384871e+04 2.008709181661493130e+04 2.324856202361779287e+04 2.460682539484238077e+04 2.258826656140474734e+04 1.989416319613508676e+04 2.164077747058512614e+04 2.301212400329855518e+04 0.000000000000000000e+00
2.376220718453769223e+04 2.360795050558342336e+04 2.010213078131917428e+04 2.318424591130583212e+04 2.467600314515413629e+04 2.263853594774939120e+04 1.988763159608109345e+04 2.163500583935345276e+04 2.305269620815039161e+04 0.000000000000000000e+00
2.371415685294340437e+04 2.361435405873328273e+04 2.011835899515926212e+04 2.312016583526146132e+04 2.474541736114239029e+04 2.268957365409932390e+04 1.988203553861856562e+04 2.163016887985182984e+04 2.309359163164632992e+04 0.000000000000000000e+00
2.366670778448775309e+04 2.362151437084970166e+04 2.013577126196506288e+04 2.455183091196116584e+04 2.305633026661333861e+04 2.481505663236744658e+04 2.274136556284820108e+04 1.987737519473035354e+04 2.162626869976463786e+04 2.313480402338415297e+04
2.361987181821893319e+04 2.362943112444819053e+04 2.015436394344809378e+04 2.460451707150215589e+04 2.299274904709369730e+04 2.488490732328229933e+04 2.279389958248280527e+04 1.987365241246097139e+04 2.162330954140034373e+04 2.317632981997942989e+04
2.357365754678013036e+04 2.363810072253004546e+04 2.017413012684728164e+04 2.292942933021123463e+04 2.495495666979242014e+04 2.284716014490983434e+04 1.987086593105407519e+04 2.162129198712238940e+04 2.321816206648072330e+04 0.000000000000000000e+00
2.352807588605039200e+04 2.364752178753440967e+04 2.019506511485446026e+04 2.286638012942669957e+04 2.502519139801933125e+04 2.290113500263155947e+04 1.986901674948504660e+04 2.162021925566308346e+04 2.326029625150327411e+04 0.000000000000000000e+00
2.348313721657668066e+04 2.365769211941905814e+04 2.021716315374835540e+04 2.280361082918179454e+04 2.509559448945649638e+04 2.295581029063665119e+04 1.986810505603026468e+04 2.162009354091563000e+04 2.330272821139782536e+04 0.000000000000000000e+00
2.343885018166458394e+04 2.366860783782307772e+04 2.024041633051482859e+04 2.274112852915933763e+04 2.516616532372676011e+04 2.301117064872045739e+04 1.986812885351021760e+04 2.162091513457511610e+04 2.334545098806282840e+04 0.000000000000000000e+00
2.339522608057464458e+04 2.368026843489272505e+04 2.026481989634990532e+04 2.267894428857791354e+04 2.523687467780465522e+04 2.306720390666848834e+04 1.986908939700844348e+04 2.162268708496459294e+04 2.375992080722970422e+04 2.338846084738518402e+04
2.335227436856857821e+04 2.369266957210670080e+04 2.029036612616089769e+04 2.261706556382835333e+04 2.530771780751680490e+04 2.312389611731186960e+04 1.987098509989995000e+04 2.162540995842117991e+04 2.368426581758035900e+04 2.343175279660309388e+04
2.331000287293620204e+04 2.370580730410138131e+04 2.031704639156194753e+04 2.255550031520668927e+04 2.318123101970406060e+04 1.987381370910459373e+04 2.162908340861505349e+04 2.360895379752193548e+04 2.347531981323090076e+04 0.000000000000000000e+00
2.326842352480853879e+04 2.371968005938891292e+04 2.034485469971215207e+04 2.249425902439258425e+04 2.323919711473103234e+04 1.987757540167678235e+04 2.163370978653118800e+04 2.353400210380210410e+04 2.351915850883123130e+04 0.000000000000000000e+00
2.322754499352933999e+04 2.373428360993829483e+04 2.037378254606761766e+04 2.243335011016314456e+04 2.329777913201433694e+04 1.988226807328377254e+04 2.163928868606642573e+04 2.345942531750291528e+04 2.356326302990381373e+04 0.000000000000000000e+00
2.318737587190864724e+04 2.374961426635729731e+04 2.040382154320139307e+04 2.237278235544186828e+04 2.335696332513882226e+04 1.988788993557768845e+04 2.164582035831275425e+04 2.338523894432759334e+04 2.360762853388327494e+04 0.000000000000000000e+00
2.314792586833871974e+04 2.376566830999022204e+04 2.043496316662167374e+04 2.231256491827111313e+04 2.341673525885471827e+04 1.989443900308457887e+04 2.165330434343709203e+04 2.331145856627847388e+04 2.365224938852973719e+04 0.000000000000000000e+00
2.310920374106244708e+04 2.378244116880302317e+04 2.046719857637937093e+04 2.225270660350747130e+04 2.347708116488123051e+04 1.990191275522622163e+04 2.166174043078045725e+04 2.323809983758987801e+04 2.369712097747415100e+04 0.000000000000000000e+00
2.307121841662730003e+04 2.379992962010911288e+04 2.050051848672578853e+04 2.219321676687824583e+04 2.353798647944364711e+04 1.991030879304354312e+04 2.167112781747275949e+04 2.316517815991002499e+04 2.374223757890260822e+04 0.000000000000000000e+00
2.303397842947665777e+04 2.381812816327737892e+04 2.053491365559245969e+04 2.213410421439530910e+04 2.359943711604629425e+04 1.991962459628275610e+04 2.168146562407062447e+04 2.309270956417851994e+04 2.378759477013953438e+04 0.000000000000000000e+00
2.299749285148767376e+04 2.383703265034819560e+04 2.057037429387434167e+04 2.207537807376742421e+04 2.366141914046657257e+04 1.992985691598702033e+04 2.169275246746719858e+04 2.302070982388416815e+04 2.383318683938851245e+04 0.000000000000000000e+00
2.296176970230707593e+04 2.385663875563454349e+04 2.060689038909691226e+04 2.201704749073398489e+04 2.372391822940326892e+04 1.994100273291457052e+04 2.170498698966364827e+04 2.294919466480352276e+04 2.387900869888211309e+04 0.000000000000000000e+00
2.292681724213922644e+04 2.387694092071584237e+04 2.064445180814234845e+04 2.195912163828597477e+04 2.378692008530432940e+04 1.995305866939137923e+04 2.171816735954055912e+04 2.287818017566493290e+04 2.392505584891120452e+04 0.000000000000000000e+00
