-1.707122123979076059e+04 -1.898751221815435201e+04 -2.293671897312065630e+04 -4.507378216204489036e+03 -6.406259342886172817e+03 -1.863166574366164787e+04 4.530988771486288897e+03 -1.688310326419923877e+04 -7.127356657687477309e+03 3.340265305363695461e+03
-1.708127402627440824e+04 -1.897666172036538410e+04 -2.294703631522140859e+04 -4.480309194006684265e+03 -6.434190131811938954e+03 -1.863778448311875400e+04 4.504684245035363347e+03 -1.687098708549852381e+04 -7.122176444848661049e+03 3.367715693174926400e+03
-1.709133339196963061e+04 -1.896580926366646236e+04 -2.295733694756219847e+04 -4.453228411322609645e+03 -6.462115367165401949e+03 -1.864389736199804975e+04 4.478367266721160377e+03 -1.685887749074114618e+04 -7.116976973901019846e+03 3.395163212779006699e+03
-1.710139928922733088e+04 -1.895495490345706639e+04 -2.296762081897835378e+04 -4.426135933492824734e+03 -6.490034976441186700e+03 -1.865000432535660366e+04 4.452037898756715549e+03 -1.684677452225530578e+04 -7.111758207199828576e+03 3.422607797108732939e+03
-1.711147167031706340e+04 -1.894409869509928831e+04 -2.297788787833060633e+04 -4.399031825911967644e+03 -6.517948887151942472e+03 -1.865610531823115161e+04 4.425696203406225322e+03 -1.683467822229067679e+04 -7.106520107165103582e+03 3.450049379100501938e+03
-1.712155048742986401e+04 -1.893324069391536977e+04 -2.298813807450714012e+04 -4.371916154019494570e+03 -6.545857026835756187e+03 -1.866220028563940650e+04 4.399342242982660537e+03 -1.682258863301687961e+04 -7.101262636317561373e+03 3.477487891703969126e+03
-1.713163569267715502e+04 -1.892238095518997216e+04 -2.299837135642172507e+04 -4.344788983310806543e+03 -6.573759323044702796e+03 -1.866828917257861394e+04 4.372976079852692237e+03 -1.681050579652490342e+04 -7.095985757244781780e+03 3.504923267876964928e+03
-1.714172723808947194e+04 -1.891151953416879405e+04 -2.300858767301847911e+04 -4.317650379332382727e+03 -6.601655703354716024e+03 -1.867437192402882647e+04 4.346597776429030091e+03 -1.679842975482593829e+04 -7.090689432611972734e+03 3.532355440583391101e+03
-1.715182507562089813e+04 -1.890065648605756360e+04 -2.301878697326743350e+04 -4.290500407671886933e+03 -6.629546095366102236e+03 -1.868044848494923644e+04 4.320207395165885828e+03 -1.678636054984949078e+04 -7.085373625205630560e+03 3.559784342805746292e+03
-1.716192915714318224e+04 -1.888979186602363188e+04 -2.302896920616463103e+04 -4.263339133977868187e+03 -6.657430426688634725e+03 -1.868651880028153755e+04 4.293804998584785608e+03 -1.677429822344793138e+04 -7.080038297827087263e+03 3.587209907521765217e+03
-1.717203943445266850e+04 -1.887892572919205486e+04 -2.303913432073767035e+04 -4.236166623937284385e+03 -6.685308624969595257e+03 -1.869258281494961921e+04 4.267390649232110263e+03 -1.676224281738934224e+04 -7.074683413440624463e+03 3.614632067740113598e+03
-1.718215585926457425e+04 -1.886805813065144321e+04 -2.304928226604150768e+04 -4.208982943295064615e+03 -6.713180617865981731e+03 -1.869864047385851154e+04 4.240964409717376839e+03 -1.675019437336501869e+04 -7.069308935036030562e+03 3.642050756464877395e+03
-1.719227838321684976e+04 -1.885718912544757404e+04 -2.305941299115729271e+04 -4.181788157839733685e+03 -6.741046333061317455e+03 -1.870469172189553865e+04 4.214526342691769059e+03 -1.673815293298360484e+04 -7.063914825706146075e+03 3.669465906714673110e+03
-1.720240695787015284e+04 -1.884631876858786927e+04 -2.306952644519924070e+04 -4.154582333406100588e+03 -6.768905698261527505e+03 -1.871073650393153730e+04 4.188076510854742082e+03 -1.672611853777337456e+04 -7.058501048634636390e+03 3.696877451524005664e+03
-1.721254153470618257e+04 -1.883544711503514918e+04 -2.307962257730478086e+04 -4.127365535881694086e+03 -6.796758641195525342e+03 -1.871677476481865597e+04 4.161614976949535958e+03 -1.671409122918245703e+04 -7.053067567083641734e+03 3.724285323936123859e+03
-1.722268206512628603e+04 -1.882457421971796066e+04 -2.308970133666518814e+04 -4.100137831213549362e+03 -6.824605089599554049e+03 -1.872280644939415288e+04 4.135141803783807518e+03 -1.670207104858039747e+04 -7.047614344404726580e+03 3.751689456990733106e+03
-1.723282850046415115e+04 -1.881370013751259103e+04 -2.309976267243027905e+04 -4.072899285349140882e+03 -6.852444971280871869e+03 -1.872883150247535013e+04 4.108657054158925348e+03 -1.669005803723973077e+04 -7.042141344006195141e+03 3.779089783791393529e+03
-1.724298079196486287e+04 -1.880282492326421561e+04 -4.045649964338102109e+03 -6.880278214014585501e+03 -1.873484986886654224e+04 4.082160790980026377e+03 -1.667805223637252493e+04 -7.036648529443496955e+03 3.806486237397254172e+03 0.000000000000000000e+00
-1.725313889079802902e+04 -1.879194863177562002e+04 -4.018389934270970571e+03 -6.908104745604022355e+03 -1.874086149335556911e+04 4.055653077193986974e+03 -1.666605368710431867e+04 -7.031135864237348869e+03 3.833878750880307507e+03 0.000000000000000000e+00
-1.726330274806598027e+04 -1.878107131779849806e+04 -3.991119261240036394e+03 -6.935924493928636366e+03 -1.874686632071252461e+04 4.029133975738088793e+03 -1.665406243046369491e+04 -7.025603312206698320e+03 3.861267257383621200e+03 0.000000000000000000e+00
-1.727347231478204776e+04 -1.877019303605305686e+04 -3.963838011441913295e+03 -6.963737386824365785e+03 -1.875286429569519896e+04 4.002603549663682315e+03 -1.664207850741964648e+04 -7.020050836973296100e+03 3.888651689995757351e+03 0.000000000000000000e+00
-1.728364754189141240e+04 -1.875931384120918665e+04 -3.936546251073960775e+03 -6.991543352200412301e+03 -1.875885536303994377e+04 3.976061862013089922e+03 -1.663010195883816414e+04 -7.014478402498482865e+03 3.916031981866462047e+03 0.000000000000000000e+00
-1.729382838026143509e+04 -1.874843378789724375e+04 -3.909244046398916453e+03 -7.019342317973067111e+03 -1.876483946746970832e+04 3.949508975896869288e+03 -1.661813282551454904e+04 1.890083630376365545e+04 -7.008885972720118843e+03 3.943408066138695176e+03
-1.730401478068084180e+04 -1.873755293070378684e+04 -3.881931463728804374e+03 -7.047134212078139171e+03 -1.877081655371096349e+04 3.922944954467016032e+03 -1.660617114816007961e+04 1.890926646507996702e+04 -7.003273511575734119e+03 3.970779875973483286e+03
-1.731420669386651207e+04 -1.872667132417180255e+04 -3.854608569408032508e+03 -7.074918962487721728e+03 3.896369860911951491e+03 -1.659421696739851541e+04 1.891769447960994876e+04 -6.997640983305548616e+03 3.998147344549628087e+03 0.000000000000000000e+00
-1.732440407045470420e+04 -1.871578902280571856e+04 -3.827275429858460939e+03 -7.102696497171918963e+03 3.869783758491224035e+03 -1.658227032378187869e+04 1.892612029451632770e+04 -6.991988351971094744e+03 4.025510405034637643e+03 0.000000000000000000e+00
-1.733460686101239480e+04 -1.870490608105449064e+04 -3.799932111485291898e+03 -7.130466744176556858e+03 3.843186710454021977e+03 -1.657033125776064480e+04 1.893454385692647702e+04 -6.986315582011759034e+03 4.052868990665504953e+03 0.000000000000000000e+00
-1.734481501602885692e+04 -1.869402255333359790e+04 -3.772578680797719699e+03 -7.158229631526157391e+03 3.816578780137918329e+03 -1.655839980971809200e+04 1.894296511392663888e+04 -6.980622637723843582e+03 4.080223034645521238e+03 0.000000000000000000e+00
-1.735502848591793372e+04 -1.868313849401008338e+04 -3.745215204316489690e+03 -7.185985087298173312e+03 3.789960030903735515e+03 -1.654647601994490833e+04 1.895138401256627549e+04 4.107572470215970498e+03 0.000000000000000000e+00 0.000000000000000000e+00
-1.736524722101776933e+04 -1.867225395740713793e+04 -3.717841748624555748e+03 -7.213733039577054114e+03 3.763330526163564173e+03 -1.653455992865544977e+04 1.895980049985642108e+04 4.134917230622915667e+03 0.000000000000000000e+00 0.000000000000000000e+00
-1.737547117159449408e+04 -1.866136899780196109e+04 -3.690458380340847725e+03 -7.241473416484745030e+03 3.736690329361906606e+03 -1.652265157597316647e+04 1.896821452277110438e+04 4.162257249134761878e+03 0.000000000000000000e+00 0.000000000000000000e+00
-1.738570028783977614e+04 -1.865048366942959183e+04 -3.663065166121280527e+03 -7.269206146170217835e+03 3.710039503992217760e+03 -1.651075100194001789e+04 1.897662602824682108e+04 4.189592459040104586e+03 0.000000000000000000e+00 0.000000000000000000e+00
-1.739593451987102162e+04 -1.863959802647513061e+04 -3.635662172675923102e+03 -7.296931156802659643e+03 3.683378113582265087e+03 -1.649885824651558505e+04 1.898503496318315592e+04 4.216922793632946195e+03 0.000000000000000000e+00 0.000000000000000000e+00
-1.740617381773248781e+04 -1.862871212307954920e+04 -3.608249466742374807e+03 -7.324648376591228043e+03 3.656706221701471350e+03 -1.648697334956989289e+04 1.899344127444315745e+04 1.909471460580643543e+04 4.244248186240552968e+03 0.000000000000000000e+00
-1.741641813139224905e+04 -1.861782601334227365e+04 5.305908973059404161e+03 -3.580827115121659062e+03 -7.352357733755953632e+03 3.630023891968377484e+03 -1.647509635089363292e+04 1.900184490885309788e+04 1.908753844603933612e+04 4.271568570189177990e+03
-1.742666741074816309e+04 -1.860693975131119441e+04 5.298173668113760868e+03 -3.553395184653115393e+03 -7.380059156544193684e+03 3.603331188043717702e+03 -1.646322729019463441e+04 1.901024581320236030e+04 1.908035406711534961e+04 4.298883878825528882e+03
-1.743692160562313438e+04 -1.859605339098809782e+04 5.290415342969672565e+03 -3.525953742204651462e+03 -7.407752573245244093e+03 3.576628173612820774e+03 -1.645136620708989722e+04 1.901864393424565060e+04 1.907316152606505784e+04 4.326194045523806381e+03
-1.744718066577036370e+04 -1.858516698633874330e+04 5.282633970384474196e+03 -3.498502854691672383e+03 -7.435437912170026721e+03 3.549914912408485179e+03 -1.643951314110706153e+04 1.902703921870152772e+04 1.906596087991357126e+04 4.353499003675850872e+03
-1.745744454086634869e+04 -1.857428059126309381e+04 5.274829523237376634e+03 -3.471042589072870214e+03 -7.463115101655624130e+03 3.523191468207732214e+03 -1.642766813170262685e+04 1.903543161325300389e+04 1.905875218568011769e+04 4.380798686683061533e+03
-1.746771318051772687e+04 5.267001974506823899e+03 -3.443573012359832319e+03 -7.490784070061467901e+03 3.496457904830615462e+03 -1.641583121823806869e+04 1.904382106454735549e+04 1.905153550037799141e+04 4.408093027963422173e+03 0.000000000000000000e+00
-1.747798653426141027e+04 5.259151297271382646e+03 -3.416094191576647518e+03 -7.518444745789687659e+03 3.469714286116677158e+03 -1.640400243998674705e+04 1.905220751919806207e+04 1.904431088101550995e+04 4.435381960969431930e+03 0.000000000000000000e+00
-1.748826455155617805e+04 5.251277464735076137e+03 -3.388606193809905108e+03 -7.546097057264504656e+03 3.442960675962807272e+03 -1.639218183614169175e+04 1.906059092378340574e+04 1.903707838459392588e+04 4.462665419160787678e+03 0.000000000000000000e+00
-1.749854718179760675e+04 5.243380450202234897e+03 -3.361109086187757839e+03 -7.573740932933545992e+03 3.416197138301877658e+03 -1.638036944581042371e+04 1.906897122484701686e+04 1.902983806810798706e+04 4.489943336015918248e+03 0.000000000000000000e+00
-1.750883437430237245e+04 5.235460227088668034e+03 -3.333602935869407247e+03 -7.601376301281686210e+03 3.389423737101213646e+03 -1.636856530800694600e+04 1.907734836889879443e+04 1.902258998854521269e+04 4.517215645035969828e+03 0.000000000000000000e+00
5.227516768908049016e+03 -3.306087810047505172e+03 -7.629003090819654972e+03 3.362640536365609478e+03 -1.635676946166864400e+04 1.908572230241453872e+04 1.901533420288706839e+04 4.544482279741843740e+03 0.000000000000000000e+00 0.000000000000000000e+00
5.219550049299974489e+03 -3.278563775974952478e+03 -7.656621230088283482e+03 3.335847600144781154e+03 -1.634498194563781544e+04 1.909409297183660237e+04 1.900807076810631770e+04 4.571743173674104582e+03 0.000000000000000000e+00 0.000000000000000000e+00
5.211560041997397093e+03 -3.251030900932101758e+03 -7.684230647656091605e+03 3.309044992520174219e+03 -1.633320279867604586e+04 1.910246032357388685e+04 1.900079974116888116e+04 4.598998260391996155e+03 0.000000000000000000e+00 0.000000000000000000e+00
5.203546720854171326e+03 -3.223489252229771864e+03 -7.711831272124268253e+03 3.282232777617517968e+03 -1.632143205945467525e+04 1.911082430400223893e+04 1.899352117903239923e+04 4.626247473477638778e+03 0.000000000000000000e+00 0.000000000000000000e+00
5.195510059830261525e+03 1.761133481562594534e+04 -3.195938897244231612e+03 -7.739423032122211225e+03 3.255411019597081577e+03 -1.630966976655159851e+04 1.911918485946450528e+04 1.898623513864621418e+04 4.653490746526381372e+03 0.000000000000000000e+00
5.187450032983836536e+03 1.759754134097050337e+04 -3.168379903345320145e+03 -7.767005856319437044e+03 3.228579782642922055e+03 -1.629791595849003897e+04 1.912754193627176210e+04 1.897894167695177021e+04 4.680728013176731110e+03 0.000000000000000000e+00
5.179366614500004289e+03 1.758375090596780501e+04 -3.140812337989827938e+03 -7.794579673401550281e+03 3.201739131000567340e+03 -1.628617067365331422e+04 1.913589548070175078e+04 1.897164085088087450e+04 4.707959207059809160e+03 0.000000000000000000e+00
5.171259778667238606e+03 1.756996356527039097e+04 -3.113236268642682717e+03 -7.822144412089381149e+03 3.174889128942793377e+03 -1.627443395036098809e+04 1.914424543900043864e+04 1.896433271735635208e+04 4.735184261840154250e+03 0.000000000000000000e+00
5.163129499870064137e+03 1.755617937346444887e+04 -3.085651762803805013e+03 -7.849700001156290455e+03 3.148029840758973933e+03 -1.626270582689679031e+04 1.915259175738303747e+04 1.895701733329304989e+04 4.762403111225675275e+03 0.000000000000000000e+00
5.154975752633710727e+03 1.754239838508805406e+04 -3.058058888048793051e+03 -7.877246369364285783e+03 3.121161330817939870e+03 1.916093438203138794e+04 1.894969475559359489e+04 4.789615688900064015e+03 0.000000000000000000e+00 0.000000000000000000e+00
5.146798511563705688e+03 1.752862065460515441e+04 -3.030457711936005126e+03 -7.904783445545651375e+03 3.094283663487738977e+03 1.916927325909771389e+04 1.894236504115305797e+04 4.816821928609411771e+03 0.000000000000000000e+00 0.000000000000000000e+00
5.138597751389724181e+03 1.751484623642245788e+04 -3.002848302099258035e+03 -7.932311158551130575e+03 3.067396903184647726e+03 1.917760833470263970e+04 1.893502824685525047e+04 4.844021764107737908e+03 0.000000000000000000e+00 0.000000000000000000e+00
5.130373446949291065e+03 1.750107518488397181e+04 -2.975230726187792698e+03 -7.959829437260807026e+03 3.040501114367165428e+03 1.918593955493606336e+04 1.892768442957394655e+04 4.871215129172872366e+03 0.000000000000000000e+00 0.000000000000000000e+00
5.122125573186642214e+03 1.748730755427080294e+04 -2.947605051907753932e+03 -7.987338210592165524e+03 3.013596361520315440e+03 1.919426686585757125e+04 1.892033364617184998e+04 4.898401957607396980e+03 0.000000000000000000e+00 0.000000000000000000e+00
5.113854105166998124e+03 1.747354339880065891e+04 -2.919971346977943085e+03 -8.014837407492570492e+03 2.986682709168864676e+03 1.920259021349640534e+04 1.891297595350091433e+04 4.925582183235858793e+03 0.000000000000000000e+00 0.000000000000000000e+00
5.105559018053899308e+03 1.745978277262964184e+04 -2.892329679162082812e+03 -8.042326956943962614e+03 2.959760221875504612e+03 1.921090954385189616e+04 1.890561140840172811e+04 4.952755739903463109e+03 0.000000000000000000e+00 0.000000000000000000e+00
1.532172100036186748e+04 5.097240287131352488e+03 1.744602572984935250e+04 -2.864680116270799772e+03 -8.069806787963831084e+03 2.932828964233508486e+03 1.921922480289373561e+04 1.889824006770320921e+04 4.979922561485334882e+03 0.000000000000000000e+00
1.532000800672688274e+04 5.088897887787938089e+03 1.743227232448615905e+04 -2.837022726132899152e+03 -8.097276829601603822e+03 2.905889000874200065e+03 1.922753593656238081e+04 1.889086198822269580e+04 5.007082581880353246e+03 0.000000000000000000e+00
1.531827504393782147e+04 5.080531795527309441e+03 1.741852261050541711e+04 -2.809357576618378062e+03 -8.124737010937189552e+03 2.878940396464320202e+03 1.923584289076880668e+04 1.888347722676506964e+04 5.034235735006228424e+03 0.000000000000000000e+00
1.531652206523961104e+04 5.072141985961957289e+03 1.740477664180617285e+04 -2.781684735637711583e+03 2.537033685748302742e+04 -8.152187261085612590e+03 2.851983215703858150e+03 1.924414561139539728e+04 1.887608584012300344e+04 5.061381954811969990e+03
1.531474902391768774e+04 5.063728434821028713e+03 1.739103447222309842e+04 -2.754004271109845376e+03 2.536221202769150841e+04 -8.179627509205149181e+03 2.825017523325840557e+03 1.925244404429592760e+04 1.886868788507670251e+04 5.088521175270077947e+03
1.531295587333065487e+04 5.055291117934561044e+03 1.737729615552691394e+04 -2.726316251029956220e+03 2.535405187621974983e+04 -8.207057684480958414e+03 2.798043384102152231e+03 1.926073813529550534e+04 1.886128341839312634e+04 5.115653330375534097e+03
1.531114256690850743e+04 5.046830011254076453e+03 1.736356174542271765e+04 -2.698620743388384199e+03 2.534585642588735936e+04 -8.234477716133902504e+03 2.771060862835720854e+03 1.926902783019150229e+04 1.885387249682595211e+04 5.142778354151006170e+03
1.530930905812824858e+04 5.038345090841383353e+03 1.734983129555141932e+04 -2.670917816231463348e+03 2.533762569964125214e+04 -8.261887533415572761e+03 2.744070024367484166e+03 1.927731307475316498e+04 1.884645517711557841e+04 5.169896180645177992e+03
1.530745530054630217e+04 5.029836332864981159e+03 1.733610485948572750e+04 -2.643207537630644310e+03 2.532935972055781895e+04 -8.289287065619237183e+03 2.717070933566062195e+03 1.928559381472245150e+04 1.883903151598863406e+04 5.197006743929832737e+03
1.530558124777295052e+04 5.021303713615929155e+03 1.732238249073584302e+04 -2.615489975685981790e+03 2.532105851183858977e+04 -8.316676242081899545e+03 2.690063655342232323e+03 1.929386999581378404e+04 1.883160157015741788e+04 5.224109978107788265e+03
1.530368685349213774e+04 5.012747209483343795e+03 1.730866424274375095e+04 -2.587765198526961285e+03 2.531272209681263121e+04 -8.344054992153300191e+03 2.663048254629179610e+03 1.930214156371455829e+04 1.882416539632009881e+04 5.251205817308040423e+03
1.530177207144144995e+04 5.004166796982424785e+03 1.729495016888482860e+04 -2.560033274352519584e+03 2.530435049893453470e+04 -8.371423245249921820e+03 2.636024796406849873e+03 1.931040846408568541e+04 1.881672305116031930e+04 5.278294195686401508e+03
1.529983685543562206e+04 4.995562452730939185e+03 1.728124032246983916e+04 -2.532294271325854425e+03 2.529594374178873113e+04 -8.398780930798229747e+03 2.608993345674683042e+03 1.931867064256115555e+04 1.880927459134655510e+04 5.305375047418099712e+03
1.529788115934373673e+04 4.986934153461574169e+03 1.726753475674133006e+04 -2.504548257711761835e+03 2.528750184908068331e+04 -8.426127978273441840e+03 2.581953967477745664e+03 1.932692804474905279e+04 1.880182007353234440e+04 5.332448306715833496e+03
1.529590493711037561e+04 4.978281876026964710e+03 1.725383352487663069e+04 -2.476795301716515496e+03 2.527902484465166708e+04 -8.453464317192299859e+03 2.554906726889823403e+03 1.933518061623102039e+04 1.879435955435538563e+04 5.359513907814599406e+03
1.529390814273094293e+04 4.969605597384535031e+03 1.724013667998257370e+04 2.527051275245816578e+04 -8.480789877090574009e+03 2.527851689013971281e+03 1.934342830256343950e+04 1.878689309043819230e+04 5.386571784982438658e+03 0.000000000000000000e+00
1.529189073028739404e+04 4.960905294604927803e+03 1.722644427509994057e+04 2.526196559659280319e+04 -8.508104587574636753e+03 2.500788918984332213e+03 1.935167104927712717e+04 1.877942073838706710e+04 5.413621872510908361e+03 0.000000000000000000e+00
1.528985265390622590e+04 4.952180944877541151e+03 1.721275636320371996e+04 2.525338340126762705e+04 -8.535408378256915967e+03 2.473718481975369741e+03 1.935990880187742005e+04 1.877194255479168714e+04 5.440664104719860006e+03 0.000000000000000000e+00
1.528779386779770175e+04 4.943432525500803422e+03 1.719907299719775983e+04 2.524476619082364414e+04 -8.562701178795905435e+03 2.446640443189231974e+03 1.936814150584502568e+04 1.876445859622573698e+04 5.467698415964155174e+03 0.000000000000000000e+00
1.528571432622990142e+04 4.934660013888767025e+03 1.718539422991989704e+04 2.523611398972958705e+04 -8.589982918899315337e+03 2.419554867858875696e+03 1.937636910663578237e+04 1.875696891924567535e+04 5.494724740623134494e+03 0.000000000000000000e+00
1.528361398354110133e+04 4.925863387566910205e+03 1.717172011413935616e+04 2.522742682257549677e+04 -8.617253528319588440e+03 2.392461821254189545e+03 1.938459154968116491e+04 1.874947358039073151e+04 5.521743013096422146e+03 0.000000000000000000e+00
1.528149279412654323e+04 4.917042624178615370e+03 1.715805070255668397e+04 -2.282335964799491649e+03 2.521870471407074729e+04 -8.644512936832708874e+03 2.365361368639709326e+03 1.939280878038476658e+04 1.874197263617497811e+04 5.548753167824303091e+03
1.527935071247023916e+04 4.908197701486157712e+03 1.714438604780564128e+04 -2.254529931132125967e+03 2.520994768907308026e+04 -8.671761074248117438e+03 2.338253575389280286e+03 1.940102074413341688e+04 1.873446614311016674e+04 5.575755139266814695e+03
1.527718769310137031e+04 4.899328597344196169e+03 1.713072620244137579e+04 2.520115577254701202e+04 -8.698997870422319465e+03 2.311138506839703950e+03 1.940922738628753723e+04 1.872695415768372914e+04 5.602748861945045974e+03 0.000000000000000000e+00
1.527500369063131802e+04 4.890435289742683381e+03 1.711707121896070748e+04 2.519232898958910664e+04 -8.726223255259166763e+03 2.284016228402144861e+03 1.941742865218318912e+04 1.871943673636320818e+04 5.629734270379530244e+03 0.000000000000000000e+00
1.527279865973684718e+04 4.881517756780520358e+03 1.710342114978787504e+04 2.518346736542254075e+04 -8.753437158750044546e+03 2.256886805499091224e+03 1.942562448713359481e+04 1.871191393559804055e+04 5.656711299117032468e+03 0.000000000000000000e+00
1.527057255515313955e+04 4.872575976658221407e+03 1.708977604726947538e+04 2.517457092538708093e+04 -8.780639510725701257e+03 2.229750303565640479e+03 1.943381483642979583e+04 1.870438581181979316e+04 5.683679882770529730e+03 0.000000000000000000e+00
1.526832533170041279e+04 4.863609927722082830e+03 1.707613596369716470e+04 2.516563969496216669e+04 -8.807830241411702445e+03 2.202606788108800174e+03 1.944199964533902312e+04 1.869685242143926007e+04 2.462963436717204968e+04 5.710639955943440327e+03
1.526605694425717229e+04 4.854619588401526016e+03 1.706250095128098837e+04 2.515667369973873065e+04 -8.835009280773949286e+03 2.175456324644070264e+03 1.945017885910712357e+04 1.868931382084912184e+04 2.464078412716247840e+04 5.737591453286547221e+03
1.526376734776175363e+04 4.845604937246035661e+03 1.704887106215805034e+04 2.514767296543430712e+04 2.148298978688333591e+03 1.945835242295804710e+04 1.868177006642278866e+04 2.465189827922864788e+04 5.764534309508005208e+03 0.000000000000000000e+00
1.526145649724702344e+04 4.836565952942621152e+03 1.703524634840753060e+04 2.513863751790048627e+04 2.121134815849589813e+03 1.946652028209298442e+04 1.867422121451210478e+04 2.466297679221414000e+04 5.791468459302081101e+03 0.000000000000000000e+00
1.525912434779638170e+04 4.827502614272016217e+03 1.702162686202825716e+04 2.512956738310564106e+04 2.093963901718146644e+03 1.947468238169234610e+04 1.866666732145010610e+04 2.467401963510352653e+04 5.818393837426470782e+03 0.000000000000000000e+00
1.525677085456311215e+04 4.818414900136707729e+03 1.700801265494980180e+04 2.512046258714395299e+04 2.066786301933709638e+03 1.948283866691506773e+04 1.865910844354882647e+04 2.468502677700482309e+04 5.845310378658666195e+03 0.000000000000000000e+00
1.525439597277789107e+04 4.809302789556119023e+03 1.699440377903110129e+04 2.511132315623530303e+04 2.039602082156962751e+03 1.949098908289909741e+04 1.865154463709981428e+04 2.469599818715374204e+04 5.872218017818990120e+03 0.000000000000000000e+00
1.525199965773655276e+04 4.800166261659525844e+03 1.698080028605954067e+04 2.510214911672242306e+04 2.012411308086554982e+03 1.949913357476174133e+04 1.864397595837331392e+04 2.470693383491376153e+04 5.899116689748055251e+03 0.000000000000000000e+00
1.524958186480706536e+04 4.791005295705458593e+03 1.696720222775006914e+04 2.509294049507417731e+04 1.985214045440211294e+03 1.950727208759968926e+04 1.863640246361839672e+04 2.471783368977783539e+04 5.926006329333828944e+03 0.000000000000000000e+00
1.524714254942646585e+04 4.781819871050080110e+03 1.695360965574709917e+04 2.508369731788128047e+04 1.958010359970672653e+03 1.951540456648941472e+04 1.862882420906249536e+04 2.472869772136439497e+04 5.952886871481576236e+03 0.000000000000000000e+00
1.524468166710670084e+04 4.772609967179118030e+03 1.694002262162174884e+04 2.507441961185953551e+04 1.930800317461290206e+03 1.952353095648759336e+04 1.862124125091126189e+04 2.473952589942168197e+04 5.979758251146773546e+03 0.000000000000000000e+00
1.524219917342522058e+04 4.763375563694583434e+03 1.692644117687294784e+04 2.506510740384850942e+04 1.903583983718857098e+03 1.953165120263108474e+04 1.861365364534807304e+04 2.475031819382680987e+04 6.006620403311259906e+03 0.000000000000000000e+00
1.523969502403313709e+04 4.754116640305640431e+03 1.691286537292769572e+04 2.505576072081145685e+04 1.876361424578628657e+03 1.953976524993737985e+04 1.860606144853398655e+04 2.476107457458406498e+04 6.033473262983977293e+03 0.000000000000000000e+00
