-2.004022540744932485e+04 -1.742992895309074447e+04 -1.305084613515390811e+04 -2.085131642715408088e+04 -2.147206046918131324e+04 -1.381814875877985833e+04 -2.152434055475052082e+04 -2.024933273642452696e+04 -5.803567207212970061e+03 -2.158583624266035986e+04
-2.002672720011110141e+04 -1.744899699613070698e+04 -1.302689234206894253e+04 -2.085940314559171020e+04 -2.146621104816716615e+04 -1.379362389305553552e+04 -2.153257959744028994e+04 -2.025797283541487195e+04 -5.833912316146061130e+03 -2.158289328862429466e+04
-2.001318665579489971e+04 -1.746802811389392809e+04 -1.300291191701832577e+04 -2.086744413660887585e+04 -2.146031424987090941e+04 -1.376907026770596349e+04 -2.154077409206846642e+04 -2.026656898853448001e+04 -5.864245332088965370e+03 -2.157990428991540466e+04
-1.999960380160377463e+04 -1.748702226612964296e+04 -1.297890490778638559e+04 -2.087543938287931451e+04 -2.145437008830100967e+04 -1.374448793215962542e+04 -2.154892402174479139e+04 -2.027512117666015183e+04 -5.894566192030883030e+03 -2.157686925337882349e+04
-1.998597866473316753e+04 -1.750597941266209818e+04 -1.295487136221877699e+04 -2.088338886717942296e+04 -2.144837857757299935e+04 -1.371987693590635354e+04 -2.155702936966965717e+04 -2.028362938076442151e+04 -5.924874833006419976e+03 -2.157378818595825942e+04
-1.997231127246592951e+04 -1.752489951339750405e+04 -1.293081132821563551e+04 -2.089129257239005165e+04 -2.144233973190824690e+04 -1.369523732850486522e+04 -2.156509011913448558e+04 -2.029209358191639330e+04 -5.955171192049657293e+03 -2.157066109469522780e+04
-1.995860165217484973e+04 -1.754378252831629652e+04 -1.290672485373954260e+04 -2.089915048149423819e+04 -2.143625356563580499e+04 -1.367056915957069577e+04 -2.157310625352072748e+04 -2.030051376128086486e+04 -5.985455206238070787e+03 -2.156748798672946577e+04
-1.994484983132542402e+04 -1.756262841747670245e+04 -1.288261198679833797e+04 -2.090696257757822605e+04 -2.143012009319082426e+04 -1.364587247879655297e+04 -2.158107775630144533e+04 -2.030888990011890928e+04 -6.015726812679034083e+03 -2.156426886929909233e+04
-1.993105583746766206e+04 -1.758143714101703517e+04 -1.285847277546259647e+04 -2.091472884383335986e+04 -2.142393932911439333e+04 -1.362114733592577250e+04 -2.158900461104214264e+04 -2.031722197978902477e+04 -6.045985948454291247e+03 -2.156100374973956059e+04
-1.991721969824794360e+04 -1.760020865915011018e+04 -1.283430726786641571e+04 -2.092244926355214557e+04 -2.141771128805599801e+04 -1.359639378077283982e+04 -2.159688680139536518e+04 -2.032550998174414781e+04 -6.076232550756661112e+03 -2.155769263548567687e+04
-1.990334144139584896e+04 -1.761894293217444647e+04 -1.281011551218672139e+04 -2.093012382013270690e+04 -2.141143598476887928e+04 -1.357161186321975219e+04 -2.160472431110953767e+04 -2.033375388753612060e+04 -6.106466556700848741e+03 -2.155433553406846113e+04
-1.988942109473575692e+04 -1.763763992045579653e+04 -1.278589755666049678e+04 -2.093775249707485636e+04 -2.140511343411461712e+04 -1.354680163320685642e+04 -2.161251712402088378e+04 -2.034195367881085622e+04 -6.136687903499683671e+03 -2.155093245311827923e+04
-1.987545868617973611e+04 -1.765629958444580552e+04 -1.276165344958984497e+04 -2.094533527798293653e+04 -2.139874365106031109e+04 -1.352196314073876056e+04 -2.162026522405787910e+04 -2.035010933731196928e+04 -6.166896528365284212e+03 -2.154748340036314403e+04
-1.986145424372787966e+04 -1.767492188466768494e+04 -1.273738323931641025e+04 -2.095287214656525975e+04 -2.139232665067926428e+04 -1.349709643589058396e+04 -2.162796859523984676e+04 -2.035822084487924440e+04 -6.197092368525145503e+03 -2.154398838362859897e+04
-1.984740779547205602e+04 -1.769350678173441702e+04 -1.271308697426081744e+04 -2.096036308663282034e+04 -2.138586244815087775e+04 -1.347220156879140268e+04 -2.163562722167779793e+04 -2.036628818344846877e+04 -6.227275361238276673e+03 -2.154044741083836561e+04
-1.983331936959913219e+04 -1.771205423631701342e+04 -1.268876470280127614e+04 -2.096780808209793759e+04 -2.137935105876327361e+04 -1.344727858964750885e+04 -2.164324108757021168e+04 -2.037431133505034450e+04 -6.257445443781612084e+03 -2.153686049001545689e+04
-1.981918899436592983e+04 -1.773056420919745506e+04 -1.266441647365611425e+04 -2.097520711698570449e+04 -2.137279249790237009e+04 -1.342232754870764256e+04 -2.165081017721728495e+04 -2.038229028182175171e+04 -6.287602553491909930e+03 -2.153322762927593067e+04
-1.980501669814158595e+04 -1.774903666120504204e+04 -2.098256017541423716e+04 -2.136618678106960942e+04 -1.339734849630610552e+04 -2.165833447499861722e+04 -2.039022500598324405e+04 -6.317746627651367817e+03 -2.152954883683894877e+04 0.000000000000000000e+00
-1.979080250938187601e+04 -1.776747155324964115e+04 -2.098986724160661834e+04 -2.135953392387169151e+04 -1.337234148283839386e+04 -2.166581396538585250e+04 -2.039811548985508853e+04 -6.347877603718658065e+03 -2.152582412102159651e+04 0.000000000000000000e+00
-1.977654645661265386e+04 -1.778586884634591479e+04 -2.099712829989816964e+04 -2.135283394201189731e+04 -1.334730655875131379e+04 -2.167324863295261093e+04 -2.040596171586320997e+04 -6.377995418907451494e+03 -2.152205349023304007e+04 0.000000000000000000e+00
-1.976224856847453702e+04 -1.780422850155550987e+04 -2.100434333471703212e+04 -2.134608685131130915e+04 -1.332224377457615992e+04 -2.168063846235003803e+04 -2.041376366651681747e+04 -6.408100010814044253e+03 -2.151823695298683742e+04 0.000000000000000000e+00
-1.974790887368095355e+04 -1.782255048004138007e+04 -2.101151233060369123e+04 -2.133929266768807429e+04 -1.329715318086816478e+04 -2.168798343833102990e+04 -2.042152132443428127e+04 -6.438191316738520982e+03 -2.151437451788958788e+04 0.000000000000000000e+00
-1.973352740103804535e+04 -1.784083474303554613e+04 -2.101863527219870957e+04 -2.133245140716913011e+04 -1.327203482825685933e+04 -2.169528354573492106e+04 -2.042923467232370240e+04 -1.655531065013860643e+04 -6.468269274144437077e+03 -2.151046619364757134e+04
-1.971910417944702931e+04 -1.785908125185088284e+04 -2.102571214424588470e+04 -2.132556308588802494e+04 -1.324688876755039200e+04 -2.170253876949279947e+04 -2.043690369299091981e+04 -1.653521912084501673e+04 -6.498333820629321053e+03 -2.150651198906435820e+04
-1.970463923789059481e+04 -1.787728996787985670e+04 -2.103274293159525041e+04 -2.131862772008190223e+04 -2.170974909462835785e+04 -2.044452836934138759e+04 -1.651509231159906994e+04 -6.528384893543377984e+03 -2.150251191304081294e+04 0.000000000000000000e+00
-1.969013260545141020e+04 -1.789546085257951199e+04 -2.103972761919481854e+04 -2.131164532609845264e+04 -2.171691450625121070e+04 -2.045210868437096360e+04 -1.649493026420599926e+04 -6.558422430596062441e+03 -2.149846597457809185e+04 0.000000000000000000e+00
-1.967558431128902521e+04 -1.791359386751890997e+04 -2.104666619210767749e+04 -2.130461592038156959e+04 -2.172403498957234478e+04 -2.045964462118308438e+04 -1.647473302052010331e+04 -6.588446369156237779e+03 -2.149437418276923563e+04 0.000000000000000000e+00
-1.966099438465790809e+04 -1.793168897431606456e+04 -2.105355863549009518e+04 -2.129753951948934991e+04 -2.173111052988537267e+04 -2.046713616296886539e+04 -1.645450062250001793e+04 -6.618456646907567119e+03 -2.149023654680995605e+04 0.000000000000000000e+00
-1.964636285490305818e+04 -1.794974613467959716e+04 -2.106040493460818834e+04 -2.129041614008021861e+04 -2.173814111257871991e+04 -2.047458329302164202e+04 -1.643423311217095033e+04 -2.148605307599110165e+04 0.000000000000000000e+00 0.000000000000000000e+00
-1.963168975146111188e+04 -1.796776531039523979e+04 -2.106720507482883113e+04 -2.128324579892159818e+04 -2.174512672313042276e+04 -2.048198599472770002e+04 -1.641393053164193770e+04 -2.148182377970221205e+04 0.000000000000000000e+00 0.000000000000000000e+00
-1.961697510385305213e+04 -1.798574646333114288e+04 -2.107395904162430088e+04 -2.127602851288413149e+04 -2.175206734711150784e+04 -2.048934425157435908e+04 -1.639359292309559532e+04 -2.147754866742960803e+04 0.000000000000000000e+00 0.000000000000000000e+00
-1.960221894168955987e+04 -1.800368955542655021e+04 -2.108066682057203434e+04 -2.126876429894360626e+04 -2.175896297018287805e+04 -2.049665804714463957e+04 -1.637322032879443395e+04 -2.147322774875656978e+04 0.000000000000000000e+00 0.000000000000000000e+00
-1.958742129467140694e+04 -1.802159454871276830e+04 -2.108732839735163361e+04 -2.126145317418235209e+04 -2.176581357809799738e+04 -2.050392736511775729e+04 -1.635281279107835326e+04 -2.146886103336508677e+04 0.000000000000000000e+00 0.000000000000000000e+00
-1.957258219258726240e+04 -1.803946140529636614e+04 -2.109394375774944638e+04 -2.125409515578532591e+04 -2.177261915670148301e+04 -2.051115218927299429e+04 -1.633237035236238626e+04 -1.305569881655486279e+04 -2.146444853103261266e+04 0.000000000000000000e+00
-1.955770166532079384e+04 -1.805729008735160824e+04 -9.757508633661718704e+03 -2.110051288765234858e+04 -2.124669026104580189e+04 -2.177937969192765013e+04 -2.051833250348396905e+04 -1.631189305514237094e+04 -1.308134457187635235e+04 -2.145999025163606348e+04
-1.954277974283830918e+04 -1.807508055714717921e+04 -9.786190009531441319e+03 -2.110703577305211729e+04 -2.123923850736224631e+04 -2.178609516980186163e+04 -2.052546829172069192e+04 -1.629138094199834086e+04 -1.310696312860779472e+04 -2.145548620514934009e+04
-1.952781645519936501e+04 -1.809283277703052590e+04 -9.814850549389711887e+03 -2.111351240004696228e+04 -2.123173991223530902e+04 -2.179276557644346030e+04 -2.053255953805363606e+04 -1.627083405557442347e+04 -1.313255443363220002e+04 -2.145093640164245517e+04
-1.951281183254583448e+04 -1.811054670940040887e+04 -9.843490192079516419e+03 -2.111994275483833917e+04 -2.122419449327191251e+04 -2.179939089806173070e+04 -2.053960622665294068e+04 -1.625025243859683906e+04 -1.315811843388747002e+04 -2.144634085128273728e+04
-1.949776590511778340e+04 -1.812822231678623575e+04 -9.872108876473508644e+03 -2.112632682373162243e+04 -2.121660226818431693e+04 -2.180597112095641569e+04 -2.054660834177864308e+04 -1.622963613386985526e+04 -1.318365507636439906e+04 -2.144169956433576226e+04
-1.948267870323877287e+04 -9.900706541499910600e+03 -2.113266459313450832e+04 -2.120896325479093503e+04 -2.181250623151790205e+04 -2.055356586779333520e+04 -1.620898518428060743e+04 -1.320916430810958263e+04 -2.143701255116456741e+04 0.000000000000000000e+00
-1.946755025731604474e+04 -9.929283126141752291e+03 -2.113895604956367242e+04 -2.120127747101217028e+04 -2.181899621623120765e+04 -2.056047878915838737e+04 -1.618829963278125797e+04 -1.323464607623791380e+04 -2.143227982222742503e+04 0.000000000000000000e+00
-1.945238059785977384e+04 -9.957838569408710100e+03 -2.114520117963649682e+04 -2.119354493487465515e+04 -2.182544106166942584e+04 -2.056734709042984105e+04 -1.616757952240663326e+04 -1.326010032791403682e+04 -2.142750138808122210e+04 0.000000000000000000e+00
-1.943716975545017340e+04 -9.986372810365695841e+03 -2.115139997007451893e+04 -2.118576566451093822e+04 -2.183184075449735974e+04 -2.057417075626112637e+04 -1.614682489627098948e+04 -1.328552701036140752e+04 -2.142267725937999421e+04 0.000000000000000000e+00
-1.942191776077305258e+04 -1.001488578812060223e+04 -2.115755240770508681e+04 -2.117793967815667565e+04 -2.183819528147170786e+04 -2.058094977140699484e+04 -1.612603579756068939e+04 -1.331092607085736927e+04 -2.141780744687449624e+04 0.000000000000000000e+00
-1.004337744183988434e+04 -2.116365847946095892e+04 -2.117006699415299954e+04 -2.184450462944054743e+04 -2.058768412071499552e+04 -1.610521226954114718e+04 -1.333629745674899641e+04 -2.141289196141257344e+04 0.000000000000000000e+00 0.000000000000000000e+00
-1.007184771071740579e+04 -2.116971817237596042e+04 -2.116214763094559748e+04 -2.185076878534197022e+04 -2.059437378913466091e+04 -1.608435435555238109e+04 -1.336164111542777937e+04 -2.140793081393910325e+04 0.000000000000000000e+00 0.000000000000000000e+00
-1.010029653401121323e+04 -2.117573147359028735e+04 -2.115418160708530922e+04 -2.185698773620631255e+04 -2.060101876171028925e+04 -1.606346209901149996e+04 -1.338695699435234383e+04 -2.140292401549623901e+04 0.000000000000000000e+00 0.000000000000000000e+00
-1.012872385101302825e+04 -2.118169837034986631e+04 -2.114616894122696613e+04 -2.186316146915399440e+04 -2.060761902358565931e+04 -1.604253554341177733e+04 -1.341224504103692743e+04 -2.139787157722275515e+04 0.000000000000000000e+00 0.000000000000000000e+00
-1.015712960106508763e+04 -2.005609938629064345e+04 -2.118761885000098482e+04 -2.113810965213049349e+04 -2.186928997139709099e+04 -2.061417456000549646e+04 -1.602157473232425036e+04 -1.343750520305316604e+04 -2.139277351035544416e+04 0.000000000000000000e+00
-1.018551372356922184e+04 -2.007002220116765238e+04 -2.119349290000131441e+04 -2.113000375865819660e+04 -2.187537323024100260e+04 -2.062068535629652979e+04 -1.600057970938661856e+04 -1.346273742803868481e+04 -2.138762982622503478e+04 0.000000000000000000e+00
-1.021387615795514830e+04 -2.008390322382286467e+04 -2.119932050790558060e+04 -2.112185127978007949e+04 -2.188141123307832459e+04 -2.062715139790898320e+04 -1.597955051832448225e+04 -1.348794166368049264e+04 -2.138244053626298773e+04 0.000000000000000000e+00
-1.024221684370707953e+04 -2.009774242525364389e+04 -2.120510166137761553e+04 -2.111365223456968306e+04 -2.188740396739438802e+04 -2.063357267037931524e+04 -1.595848720293603765e+04 -1.351311785772580333e+04 -2.137720565199612611e+04 0.000000000000000000e+00
-1.027053572037197046e+04 -2.011153977654990013e+04 -2.121083634818611608e+04 -2.110540664220024337e+04 -2.189335142076876218e+04 -2.063994915931735886e+04 -1.593738980708272720e+04 -1.353826595799595452e+04 -2.137192518504504915e+04 0.000000000000000000e+00
-1.029883272751046934e+04 -2.012529524887377556e+04 -2.121652455619877219e+04 -2.109711452195883612e+04 -2.189925358086539927e+04 -1.591625837472379135e+04 -1.356338591234312662e+04 -2.136659914713363469e+04 0.000000000000000000e+00 0.000000000000000000e+00
-1.032710780476403670e+04 -2.013900881348810071e+04 -2.122216627339586557e+04 -2.108877589322829590e+04 -2.190511043544515996e+04 -1.589509294987406065e+04 -1.358847766870431951e+04 -2.136122755007695741e+04 0.000000000000000000e+00 0.000000000000000000e+00
-1.035536089180670024e+04 -2.015268044173746239e+04 -2.122776148785663099e+04 -2.108039077549876311e+04 -2.191092197235811182e+04 -1.587389357663090050e+04 -1.361354117506474904e+04 -2.135581040578891771e+04 0.000000000000000000e+00 0.000000000000000000e+00
-1.038359192836340299e+04 -2.016631010505403538e+04 -2.123331018776803467e+04 -2.107195918836523560e+04 -2.191668817954439874e+04 -1.585266029916677508e+04 -1.363857637947351395e+04 -2.135034772627999337e+04 0.000000000000000000e+00 0.000000000000000000e+00
-1.041180085421150943e+04 -2.017989777495752060e+04 -2.123881236141873524e+04 -2.106348115152579339e+04 -2.192240904503668571e+04 -1.583139316172680446e+04 -1.366358323003611986e+04 -2.134483952365713412e+04 0.000000000000000000e+00 0.000000000000000000e+00
-1.043998760916540414e+04 -2.019344342305541068e+04 -2.124426799720545387e+04 -2.105495668478332300e+04 -2.192808455695802695e+04 -1.581009220863303017e+04 -1.368856167492058921e+04 -2.133928581012413997e+04 0.000000000000000000e+00 0.000000000000000000e+00
-1.046815213310170657e+04 -2.020694702104090902e+04 -2.124967708362827398e+04 -2.104638580804445155e+04 -2.193371470352215329e+04 -1.578875748428195584e+04 -1.371351166235452547e+04 -2.133368659798192311e+04 0.000000000000000000e+00 0.000000000000000000e+00
2.019020762035324196e+03 -1.049629436593521496e+04 -2.022040854069569468e+04 -2.125503960929043751e+04 -2.103776854131933214e+04 -2.193929947303452718e+04 -1.576738903314359595e+04 -1.373843314062422905e+04 -2.132804189962712553e+04 0.000000000000000000e+00
1.987431396887284336e+03 -1.052441424763662508e+04 -2.023382795389051171e+04 -2.126035556290233217e+04 -2.102910490472248057e+04 -2.194483885389118223e+04 -1.574598689976084097e+04 -1.376332605807934851e+04 -2.132235172755299936e+04 0.000000000000000000e+00
1.955837769928235957e+03 -1.055251171822133074e+04 -2.024720523258041430e+04 -2.126562493327821721e+04 -2.102039491847316458e+04 -2.195033283457908692e+04 -1.572455112875447776e+04 -1.378819036312648132e+04 -2.131661609435020364e+04 0.000000000000000000e+00
1.924239948769307148e+03 -1.058058671775651237e+04 -2.026054034881016196e+04 -2.127084770933639447e+04 6.278100865243578482e+03 -2.101163860289433796e+04 -2.195578140367643573e+04 -1.570308176481597366e+04 -1.381302600423459990e+04 -2.131083501270493798e+04
1.892638001000796294e+03 -1.060863918635290429e+04 -2.027383327471194207e+04 -2.127602388010342111e+04 6.307938122375336206e+03 -2.100283597841070878e+04 -2.196118454985260541e+04 -1.568157885271050691e+04 -1.383783292993607756e+04 -2.130500849540008858e+04
1.861031994250855405e+03 -1.063666906418223516e+04 -2.028708398250465689e+04 -2.128115343470509106e+04 6.337761539205706868e+03 -2.099398706555265744e+04 -2.196654226186735832e+04 -1.566004243728124129e+04 -1.386261108882041481e+04 -2.129913655531545010e+04
1.829421996181523355e+03 -1.066467629145507999e+04 -2.030029244449546604e+04 -2.128623636237719620e+04 6.367571049938561373e+03 -2.098509188495409398e+04 -2.197185452857182827e+04 -1.563847256344010202e+04 -1.388736042953787910e+04 -2.129321920542686712e+04
1.797808074444056047e+03 -1.069266080843336022e+04 -2.031345863307804757e+04 -2.129127265245742456e+04 6.397366588805817628e+03 -2.097615045735378590e+04 -2.197712133890761106e+04 -1.561686927617709080e+04 -1.391208090080213697e+04 -2.128725645880659067e+04
1.766190296736819846e+03 -1.072062255543448737e+04 -2.032658252073654876e+04 -2.129626229438945666e+04 6.427148090061225957e+03 -2.096716280359266602e+04 -2.198234268190808507e+04 -1.559523262055104897e+04 -1.393677245138863873e+04 -2.128124832862367475e+04
1.734568730758605170e+03 -1.074856147281446101e+04 -2.033966408003941979e+04 -2.130120527772241985e+04 6.456915487992510862e+03 -2.095812894461334508e+04 -2.198751854669643944e+04 -1.557356264169803580e+04 -1.396143503013094414e+04 -2.127519482814275761e+04
1.702943444243581325e+03 -1.077647750099466430e+04 -2.035270328364511079e+04 -2.130610159211084101e+04 6.486668716914711695e+03 -2.094904890146770776e+04 -2.199264892248832984e+04 -1.555185938482699385e+04 -1.398606858592628123e+04 -2.126909597072488032e+04
1.671314504924776656e+03 -1.080437058043180878e+04 -2.036570010430013645e+04 -2.131095122730947696e+04 6.516407711175304030e+03 -2.093992269530369595e+04 -2.199773379858849876e+04 -1.553012289521530693e+04 -1.401067306773514974e+04 -2.126295176982727935e+04
1.639681980575587204e+03 -1.083224065164364765e+04 -2.037865451483692596e+04 -2.131575417318662949e+04 6.546132405142400785e+03 -2.093075034737928581e+04 -2.200277316439454080e+04 -1.550835321821979596e+04 -1.403524842457589875e+04 -2.125676223900476907e+04
1.608045938968298287e+03 -1.086008765519587541e+04 -2.039156648817707901e+04 -2.132051041970691585e+04 6.575842733228984798e+03 -2.092153187905296727e+04 -2.200776700939322836e+04 -1.548655039926450991e+04 -1.405979460553232639e+04 -2.125052739190667126e+04
1.576406447911351279e+03 -1.088791153169704376e+04 -2.040443599732827352e+04 -2.132521995695097576e+04 6.605538629851542282e+03 -2.091226731178550472e+04 -2.201271532316284720e+04 -1.546471448385323129e+04 -1.408431155974469402e+04 -2.124424724227939441e+04
1.544763575204576000e+03 -1.091571222181511439e+04 -2.041726301538930056e+04 6.635220029487687498e+03 -2.090295666714563777e+04 -2.201761809537307272e+04 -1.544284551755526081e+04 -1.410879923642283575e+04 -2.123792180396461481e+04 0.000000000000000000e+00
1.513117388702451308e+03 -1.094348966626863148e+04 -2.043004751554533868e+04 6.664886866617322994e+03 -2.089359996679710093e+04 -2.202247531578463895e+04 -1.542094354601364284e+04 -1.413325758483563914e+04 -2.123155109090090627e+04 0.000000000000000000e+00
1.481467956238432180e+03 -1.097124380582111007e+04 -2.044278947106748456e+04 6.694539075769314877e+03 -2.088419723251492542e+04 -2.202728697424821075e+04 -1.539900861494838318e+04 -1.415768655431064508e+04 -2.122513511712295076e+04 0.000000000000000000e+00
1.449815345694348707e+03 -1.099897458129170627e+04 -2.045548885531794440e+04 6.724176591494789136e+03 -2.087474848617537646e+04 -2.203205306070590450e+04 -1.537704077014699760e+04 -1.418208609424453607e+04 -2.121867389676043604e+04 0.000000000000000000e+00
1.418159624953503908e+03 -1.102668193354841424e+04 -2.046814564174462430e+04 6.753799348370409461e+03 -2.086525374975517116e+04 -2.203677356519093519e+04 -1.535504005747141127e+04 -1.420645615409226775e+04 -2.121216744403977646e+04 0.000000000000000000e+00
1.386500861922053218e+03 -1.105436580351285011e+04 -2.048075980388360404e+04 6.783407281016146044e+03 -2.085571304533260991e+04 -2.204144847782692523e+04 -1.533300652285615070e+04 -1.423079668336886061e+04 -2.120561577328502972e+04 0.000000000000000000e+00
1.354839124515802723e+03 -1.108202613215132988e+04 -2.049333131534732820e+04 -2.135687804605012934e+04 6.813000324078583617e+03 -2.084612639508589200e+04 -2.204607778881582999e+04 -1.531094021229927785e+04 -1.425510763164716991e+04 -2.119901889890505481e+04
1.323174480683781894e+03 -1.110966286048084476e+04 -2.050586014985706424e+04 -2.136121356432599714e+04 6.842578412215901153e+03 -2.083649382131190941e+04 -2.205066148847481236e+04 -1.528884117189096287e+04 -1.427938894857312334e+04 -2.119237683542459126e+04
1.291506998362398008e+03 -1.113727592959071990e+04 -2.051834628121984133e+04 6.872141480147291077e+03 -2.082681534640155951e+04 -2.205519956720342088e+04 -1.526670944776887336e+04 -1.430364058386842771e+04 -2.118568959744974563e+04 0.000000000000000000e+00
1.259836745529733889e+03 -1.116486528059964257e+04 -2.053078968331997021e+04 6.901689462605193512e+03 -2.081709099284672993e+04 -2.205969201548697674e+04 -1.524454508616076419e+04 -1.432786248729438557e+04 -2.117895719968794947e+04 0.000000000000000000e+00
1.228163790175208078e+03 -1.119243085468381469e+04 -2.054319033013267108e+04 6.931222294350153788e+03 -2.080732078322961388e+04 -2.206413882390409344e+04 -1.522234813336169100e+04 -1.435205460868161026e+04 -2.117217965694321174e+04 0.000000000000000000e+00
1.196488200286719575e+03 -1.121997259308492539e+04 -2.055554819572861379e+04 6.960739910197130484e+03 -2.079750474028842291e+04 -2.206853998312634576e+04 -1.520011863572368748e+04 -1.437621689793718178e+04 -2.116535698410900659e+04 0.000000000000000000e+00
1.164810043896920661e+03 -1.124749043706386874e+04 -2.056786325425204996e+04 6.990242244954184571e+03 -2.078764288677028162e+04 -2.207289548391150311e+04 -1.517785663969602319e+04 -1.440034930500713381e+04 8.904426263670244225e+03 -2.115848919618187938e+04
1.133129389035518898e+03 -1.127498432796701127e+04 -2.058013547994607870e+04 7.019729233497081623e+03 -2.077773524560472652e+04 -2.207720531711079093e+04 -1.515556219177984713e+04 -1.442445177991879609e+04 8.874865373443612043e+03 -2.115157630825122033e+04
1.101446303731407397e+03 -1.130245420718749665e+04 -2.059236484714413746e+04 7.049200810729015757e+03 -2.208146947366962922e+04 -1.513323533854423295e+04 -1.444852427276816888e+04 8.845285586326721386e+03 -2.114461833549737275e+04 0.000000000000000000e+00
1.069760856073088462e+03 -1.132990001614725770e+04 -2.060455133025558462e+04 7.078656911560952722e+03 -2.208568794461749349e+04 -1.511087612664912740e+04 -1.447256673369103373e+04 8.815686965532537215e+03 -2.113761529320476984e+04 0.000000000000000000e+00
1.038073114130684871e+03 -1.135732169634321872e+04 -2.061669490378672708e+04 7.108097470956870893e+03 -2.208986072108014196e+04 -1.508848460281015832e+04 -1.449657911290685479e+04 8.786069574286853822e+03 -2.113056719674767737e+04 0.000000000000000000e+00
1.006383145989447826e+03 -1.138471918931814253e+04 -2.062879554233013914e+04 7.137522423910047110e+03 -2.209398779427210684e+04 -1.506606081381789954e+04 -1.452056136069142485e+04 8.756433475864681895e+03 -2.112347406159829916e+04 0.000000000000000000e+00
9.746910197622132728e+02 -1.141209243666595103e+04 -2.064085322056574660e+04 7.166931705443127612e+03 -2.209806915549978658e+04 -1.504360480653393824e+04 -1.454451342738792664e+04 8.726778733581741108e+03 -2.111633590332249514e+04 0.000000000000000000e+00
9.429968035674118028e+02 -1.143944138003936678e+04 -2.065286791326154707e+04 7.196325250615424920e+03 -2.210210479615965596e+04 -1.502111662788821377e+04 -1.456843526339935670e+04 8.697105410794269119e+03 -2.110915273758404874e+04 0.000000000000000000e+00
9.113005655407431504e+02 -1.146676596112992047e+04 -2.066483959527416664e+04 7.225702994514222155e+03 -2.210609470774019428e+04 -1.499859632488385614e+04 -1.459232681919526658e+04 8.667413570895683733e+03 -2.110192458013950090e+04 0.000000000000000000e+00
8.796023738291025893e+02 -1.149406612170118206e+04 -2.067676824154694623e+04 7.255064872265711529e+03 -2.211003888182024821e+04 -1.497604394459526338e+04 -1.461618804530780471e+04 8.637703277325173985e+03 -2.109465144684397819e+04 0.000000000000000000e+00
8.479022966002564772e+02 -1.152134180355574244e+04 -2.068865382711233542e+04 7.284410819026636091e+03 -2.211393731006944654e+04 -1.495345953416343582e+04 -1.464001889233515612e+04 8.607974593558774359e+03 -2.108733335364486629e+04 0.000000000000000000e+00
8.162004020258840455e+02 -1.154859294854931068e+04 -2.070049632709059006e+04 7.313740769987398380e+03 -2.211778998424897145e+04 -1.493084314080305558e+04 -1.466381931093740968e+04 8.578227583111316562e+03 -2.107997031658635024e+04 0.000000000000000000e+00
7.844967582950973792e+02 -1.157581949860040913e+04 -2.071229571668947392e+04 7.343054660372154103e+03 -2.212159689621098732e+04 -1.490819481179799004e+04 -1.468758925184063628e+04 8.548462309540360366e+03 -2.107256235180943986e+04 0.000000000000000000e+00
