-1.004955828999406275e+00 1.084971900703493031e+00 -1.032564322723297012e+00 2.706351642549182035e+00 -2.793361239356562109e+00 -6.121425712647116102e-01 -2.629793622538953546e+00 1.211976564872358830e+00 5.170965661876273378e-01 2.745179336826291561e+00
-1.005616235592076579e+00 1.085170701754864631e+00 -1.030895806184502161e+00 2.707531646684320670e+00 -2.792810895648393910e+00 -6.115591109178998286e-01 -2.631043147729837273e+00 1.211320585106195891e+00 5.190205636022159341e-01 2.744896604694067044e+00
-1.006271876560739686e+00 1.085363959948016044e+00 -1.029222167610034377e+00 2.708705113335098780e+00 -2.792253294745303815e+00 -6.109701581630807565e-01 -2.632286466682713044e+00 1.210660364201214145e+00 5.209483289640062242e-01 2.744607163836501940e+00
-1.006922743910018347e+00 1.085551679056677932e+00 -1.027543409727488699e+00 2.709872037317375693e+00 -2.791688438163408836e+00 -6.103757110177780998e-01 -2.633523574053523664e+00 1.209995910034422639e+00 5.228798540670844819e-01 2.744311015000074683e+00
-1.007568829666575905e+00 1.085733862881102629e+00 -1.025859535287971580e+00 2.711032413476069269e+00 -2.791116327451792944e+00 -6.097757675261581412e-01 -2.634754464523614281e+00 1.209327230502964312e+00 5.248151306847629316e-01 2.744008158960030919e+00
-1.008210125879160923e+00 1.085910515248043495e+00 -1.024170547066091119e+00 2.712186236685184770e+00 -2.790536964192488867e+00 -6.091703257590448395e-01 -2.635979132799759039e+00 1.208654333524068036e+00 5.267541505696150539e-01 2.743698596520371957e+00
-1.008846624618647603e+00 1.086081640010734928e+00 -1.022476447859954174e+00 2.713333501847841944e+00 -2.789950350000480306e+00 -6.085593838139384815e-01 -2.637197573614179724e+00 1.207977227035015755e+00 5.286969054535124446e-01 2.743382328513859214e+00
-1.009478317978080852e+00 1.086247241048870826e+00 -1.020777240491159477e+00 2.714474203896301230e+00 -2.789356486523683731e+00 -6.079429398150303365e-01 -2.638409781724577741e+00 1.207295918993094741e+00 5.306433870476605641e-01 2.743059355802006660e+00
-1.010105198072716481e+00 1.086407322268585052e+00 -1.019072927804788975e+00 2.715608337791982851e+00 -2.788755375442943940e+00 -6.073209919132193102e-01 -2.639615751914147879e+00 1.206610417375560074e+00 5.325935870426339314e-01 2.742729679275073273e+00
-1.010727257040064941e+00 1.086561887602430110e+00 -1.017363512669403613e+00 2.716735898525499238e+00 -2.788147018472017624e+00 -6.066935382861290416e-01 -2.640815478991608511e+00 1.205920730179589340e+00 5.345474971084133164e-01 2.742393299852061705e+00
-1.011344487039933293e+00 1.086710941009356057e+00 -1.015648997977034895e+00 2.717856881116673673e+00 -2.787531417357567154e+00 -6.060605771381222251e-01 -2.642008957791216694e+00 1.205226865422243998e+00 5.365051088944217117e-01 2.742050218480711177e+00
-1.011956880254466284e+00 1.086854486474690518e+00 -1.013929386643179109e+00 2.718971280614569608e+00 -2.786908573879149476e+00 -6.054221067003174861e-01 -2.643196183172800584e+00 1.204528831140426526e+00 5.384664140295613022e-01 2.741700436137493924e+00
-1.012564428888189871e+00 1.086992528010115810e+00 -1.012204681606789558e+00 2.720079092097511086e+00 -2.786278489849203677e+00 -6.047781252306045907e-01 -2.644377150021774092e+00 1.203826635390837785e+00 5.404314041222486598e-01 2.741343953827611202e+00
-1.013167125168052962e+00 1.087125069653648302e+00 -1.010474885830270564e+00 2.721180310673110281e+00 -2.785641167113040773e+00 -6.041286310136607662e-01 -2.645551853249162644e+00 1.203120286249935944e+00 5.424000707604521576e-01 2.740980772584982628e+00
-1.013764961343468496e+00 1.087252115469619085e+00 -1.008740002299470140e+00 2.722274931478293247e+00 -2.784996607548836156e+00 -6.034736223609661332e-01 -2.646720287791628490e+00 1.202409791813895401e+00 5.443724055117296068e-01 2.740610893472251064e+00
-1.014357929686355853e+00 1.087373669548648447e+00 -1.007000034023671553e+00 2.723362949679313694e+00 -2.784344813067606061e+00 -6.028130976108181383e-01 -2.647882448611484030e+00 1.201695160198559709e+00 5.463483999232623400e-01 2.740234317580759971e+00
-1.014946022491181266e+00 1.087489736007628327e+00 -1.005254984035587551e+00 2.724444360471791171e+00 -2.783685785613211561e+00 -6.021470551283477635e-01 -2.649038330696726007e+00 1.200976399539406270e+00 5.483280455218950689e-01 2.739851046030568504e+00
-1.015529232075002231e+00 1.087600318989696557e+00 2.725519159080726617e+00 -2.783019527162337692e+00 -6.014754933055348474e-01 -2.650187929061046610e+00 1.200253517991498375e+00 5.503113338141709665e-01 2.739461079970429314e+00 0.000000000000000000e+00
-1.016107550777506141e+00 1.087705422664219990e+00 2.726587340760524114e+00 -2.782346039724487241e+00 -6.007984105612224068e-01 -2.651331238743867225e+00 1.199526523729445238e+00 5.522982562863690825e-01 2.739064420577790315e+00 0.000000000000000000e+00
-1.016680970961052921e+00 1.087805051226766739e+00 2.727648900795020648e+00 -2.781665325341956319e+00 -6.001158053411319582e-01 -2.652468254810342874e+00 1.198795424947358246e+00 5.542888044045417573e-01 2.738661069058785813e+00 0.000000000000000000e+00
-1.017249485010714993e+00 1.087899208899087755e+00 2.728703834497503866e+00 -2.780977386089836578e+00 -5.994276761178781721e-01 -2.653598972351406626e+00 1.198060229858808556e+00 5.562829696145518144e-01 2.738251026648229391e+00 0.000000000000000000e+00
-1.017813085334321910e+00 1.087987899929095059e+00 2.729752137210741836e+00 -2.780282224076000119e+00 -5.987340213909848607e-01 -2.654723386483773595e+00 1.197320946696786015e+00 5.582807433421098642e-01 2.737834294609617025e+00 0.000000000000000000e+00
-1.018371764362497434e+00 1.088071128590835990e+00 2.730793804306995032e+00 -2.779579841441076393e+00 -5.980348396868968575e-01 -2.655841492349968025e+00 1.196577583713652304e+00 8.431062183966692158e-01 5.602821169928113854e-01 2.737410874235103098e+00
-1.018925514548701949e+00 1.088148899184473439e+00 2.731828831188048312e+00 -2.778870240358449539e+00 -5.973301295589967808e-01 -2.656953285118344166e+00 1.195830149181100754e+00 8.428942547786393291e-01 5.622870819521742503e-01 2.736980766845506619e+00
-1.019474328369275096e+00 1.088221216036262762e+00 2.732857213285233122e+00 -2.778153423034244174e+00 -2.658058759983113362e+00 1.195078651390113711e+00 8.426770093843611864e-01 5.642956295856771387e-01 2.736543973790303674e+00 0.000000000000000000e+00
-1.020018198323473957e+00 1.088288083498528014e+00 2.733878946059445258e+00 -2.777429391707311179e+00 -2.659157912164356041e+00 1.194323098650916570e+00 8.424544783166713069e-01 5.663077512387965085e-01 2.736100496447616770e+00 0.000000000000000000e+00
-1.020557116933514141e+00 1.088349505949640417e+00 2.734894025001168405e+00 -2.776698148649207720e+00 -2.660250736908048808e+00 1.193563499292936259e+00 8.422266577041723767e-01 5.683234382370436766e-01 2.735650336224204171e+00 0.000000000000000000e+00
-1.021091076744613080e+00 1.088405487793994375e+00 2.735902445630503443e+00 -2.775959696164198132e+00 -2.661337229486085310e+00 1.192799861664759487e+00 8.419935437012553425e-01 5.703426818860050096e-01 2.735193494555467453e+00 0.000000000000000000e+00
-1.021620070325027552e+00 1.088456033461984829e+00 2.736904203497172894e+00 -2.775214036589226385e+00 -2.662417385196294894e+00 1.192032194134083012e+00 8.417551324881237251e-01 2.734729972905422635e+00 0.000000000000000000e+00 0.000000000000000000e+00
-1.022144090266094096e+00 1.088501147409983050e+00 2.737899294180567544e+00 -2.774461172293909428e+00 -2.663491199362463924e+00 1.191260505087679000e+00 8.415114202708171565e-01 2.734259772766713503e+00 0.000000000000000000e+00 0.000000000000000000e+00
-1.022663129182272534e+00 1.088540834120315326e+00 2.738887713289747339e+00 -2.773701105680521639e+00 -2.664558667334357978e+00 1.190484802931342623e+00 8.412624032812373587e-01 2.733782895660588075e+00 0.000000000000000000e+00 0.000000000000000000e+00
-1.023177179711181273e+00 1.088575098101237426e+00 2.739869456463469355e+00 -2.772933839183980620e+00 -2.665619784487740063e+00 1.189705096089852532e+00 8.410080777771692384e-01 2.733299343136900816e+00 0.000000000000000000e+00 0.000000000000000000e+00
-1.023686234513641491e+00 1.088603943886911285e+00 2.740844519370214005e+00 -2.772159375271830761e+00 -2.666674546224394149e+00 1.188921393006928451e+00 8.407484400423073101e-01 2.732809116774100211e+00 0.000000000000000000e+00 0.000000000000000000e+00
-1.024190286273716444e+00 1.088627376037383243e+00 2.741812897708201469e+00 -2.771377716444234363e+00 -2.667722947972144265e+00 1.188133702145182546e+00 8.404834863862773453e-01 -7.172211572676187030e-01 2.732312218179222540e+00 0.000000000000000000e+00
-1.024689327698748764e+00 1.088645399138557179e+00 -7.723705856104491341e-01 2.742774587205411230e+00 -2.770588865233948983e+00 -2.668764985184873595e+00 1.187342031986078572e+00 8.402132131446621299e-01 -7.180457944305442819e-01 2.731808648987880783e+00
-1.025183351519403541e+00 1.088658017802172973e+00 -7.746717525116937342e-01 2.743729583619608725e+00 -2.769792824206321225e+00 -2.669800653342545349e+00 1.186546391029887237e+00 8.399376166790217813e-01 -7.188647286805756043e-01 2.731298410864261506e+00
-1.025672350489705176e+00 1.088665236665780522e+00 -7.769756549124973155e-01 2.744677882738360442e+00 -2.768989595959261862e+00 -2.670829947951222305e+00 1.185746787795640023e+00 8.396566933769190610e-01 -7.196779605519870726e-01 2.730781505501109763e+00
-1.026156317387080019e+00 1.088667060392717989e+00 -7.792822819263713896e-01 2.745619480379056121e+00 -2.768179183123240961e+00 -2.671852864543090789e+00 1.184943230821086990e+00 8.393704396519430233e-01 -7.204854906066779918e-01 2.730257934619728211e+00
-1.026635245012393227e+00 1.088663493672084481e+00 -7.815916226502380715e-01 2.746554372388934073e+00 -2.767361588361265667e+00 -2.672869398676472663e+00 1.184135728662651044e+00 8.390788519437306636e-01 -7.212873194341656857e-01 2.729727699969961119e+00
-1.027109126189989841e+00 -7.839036661644823711e-01 2.747482554645093167e+00 -2.766536814368864228e+00 -2.673879545935855084e+00 1.183324289895383075e+00 8.387819267179901228e-01 -7.220834476515812783e-01 2.729190803330190374e+00 0.000000000000000000e+00
-1.027577953767731644e+00 -7.862184015330029307e-01 2.748404023054516809e+00 -2.765704863874075770e+00 -2.674883301931899826e+00 1.182508923112917554e+00 8.384796604665235575e-01 -7.228738759036620332e-01 2.728647246507323043e+00 0.000000000000000000e+00
-1.028041720617040466e+00 -7.885358178032662035e-01 2.749318773554094264e+00 -2.764865739637427655e+00 -2.675880662301470370e+00 1.181689636927428122e+00 8.381720497072504550e-01 -7.236586048627472456e-01 2.728097031336785605e+00 0.000000000000000000e+00
-1.028500419632933260e+00 -7.908559040063566359e-01 2.750226802110640190e+00 -2.764019444451927043e+00 -2.676871622707646114e+00 1.180866439969581627e+00 8.378590909842291712e-01 -7.244376352287718035e-01 2.727540159682513288e+00 0.000000000000000000e+00
-1.028954043734062740e+00 -7.931786491570294029e-01 2.751128104720907963e+00 -2.763165981143035133e+00 -2.677856178839745915e+00 1.180039340888493493e+00 8.375407808676800236e-01 -7.252109677292590817e-01 2.726976633436936304e+00 0.000000000000000000e+00
-7.955040422537639211e-01 2.752022677411622542e+00 -2.762305352568658723e+00 -2.678834326413348066e+00 1.179208348351683533e+00 8.372171159540077179e-01 -7.259786031193166123e-01 2.726406454520981626e+00 0.000000000000000000e+00 0.000000000000000000e+00
-7.978320722788145858e-01 2.752910516239484462e+00 -2.761437561619130676e+00 -2.679806061170302733e+00 1.178373471045028653e+00 8.368880928658224416e-01 -7.267405421816270916e-01 2.725829624884049895e+00 0.000000000000000000e+00 0.000000000000000000e+00
-8.001627281982643947e-01 2.753791617291198257e+00 -2.760562611217194817e+00 -2.680771378878755495e+00 1.177534717672720221e+00 8.365537082519627354e-01 -7.274967857264453830e-01 2.725246146504014533e+00 0.000000000000000000e+00 0.000000000000000000e+00
-8.024959989620769063e-01 2.754665976683490225e+00 -2.759680504317981953e+00 -2.681730275333169544e+00 1.176692096957214995e+00 8.362139587875180302e-01 -7.282473345915880802e-01 2.724656021387206639e+00 0.000000000000000000e+00 0.000000000000000000e+00
-8.048318735041493088e-01 -1.379496883513385175e+00 2.755533590563124413e+00 -2.758791243909004098e+00 -2.682682746354335013e+00 1.175845617639193597e+00 8.358688411738492974e-01 -7.289921896424305103e-01 2.724059251568413220e+00 0.000000000000000000e+00
-8.071703407423646004e-01 -1.379196088072358606e+00 2.756394455106924823e+00 -2.757894833010127833e+00 -2.683628787789399173e+00 1.174995288477511446e+00 8.355183521386109202e-01 -7.297313517718965192e-01 2.723455839110854537e+00 0.000000000000000000e+00
-8.095113895786446578e-01 -1.378889828629743519e+00 2.757248566521789623e+00 -2.756991274673560088e+00 -2.684568395511873096e+00 1.174141118249155236e+00 8.351624884357725653e-01 -7.304648219004533649e-01 2.722845786106182775e+00 0.000000000000000000e+00
-8.118550088990038605e-01 -1.378578111160914110e+00 2.758095921044715126e+00 -2.756080571983833050e+00 -2.685501565421662740e+00 1.173283115749196970e+00 8.348012468456407209e-01 -7.311926009761057221e-01 2.722229094674471384e+00 0.000000000000000000e+00
-8.142011875736009374e-01 -1.378260941666087147e+00 2.758936514942806895e+00 -2.755162728057780175e+00 -2.686428293445072946e+00 1.172421289790745336e+00 8.344346241748795689e-01 -7.319146899743853574e-01 2.721605766964196871e+00 0.000000000000000000e+00
-8.165499144567920364e-01 -1.377938326170294658e+00 2.759770344513304163e+00 -2.754237746044526425e+00 -2.687348575534840744e+00 8.340626172565323015e-01 -7.326310898983469100e-01 2.720975805152238802e+00 0.000000000000000000e+00 0.000000000000000000e+00
-8.189011783871850136e-01 -1.377610270723354402e+00 2.760597406083595828e+00 -2.753305629125458953e+00 -2.688262407670139353e+00 8.336852229500426592e-01 -7.333418017785586773e-01 2.720339211443859817e+00 0.000000000000000000e+00 0.000000000000000000e+00
-8.212549681876918362e-01 -1.377276781399839445e+00 2.761417696011233769e+00 -2.752366380514222666e+00 -2.689169785856609707e+00 8.333024381412752479e-01 -7.340468266730947322e-01 2.719695988072701187e+00 0.000000000000000000e+00 0.000000000000000000e+00
-8.236112726655808736e-01 -1.376937864299047520e+00 2.762231210683957716e+00 -2.751420003456692687e+00 -2.690070706126367117e+00 8.329142597425367445e-01 -7.347461656675299269e-01 2.719046137300766386e+00 0.000000000000000000e+00 0.000000000000000000e+00
-8.259700806125324091e-01 -1.376593525544973495e+00 2.763037946519706800e+00 -2.750466501230951266e+00 -2.690965164538021703e+00 8.325206846925956583e-01 -7.354398198749281246e-01 2.718389661418411318e+00 0.000000000000000000e+00 0.000000000000000000e+00
-8.283313808046903759e-01 -1.376243771286276063e+00 2.763837899966639089e+00 -2.749505877147282451e+00 -2.691853157176701039e+00 8.321217099567035369e-01 -7.361277904358382029e-01 2.717726562744337215e+00 0.000000000000000000e+00 0.000000000000000000e+00
-8.306951620027166472e-01 -1.375888607696252652e+00 2.764631067503148465e+00 -2.748538134548144551e+00 -2.692734680154064808e+00 8.317173325266171702e-01 -7.368100785182830625e-01 2.717056843625571094e+00 0.000000000000000000e+00 0.000000000000000000e+00
-1.702874836936998371e-01 -8.330614129518445488e-01 -1.375528040972804789e+00 2.765417445637881944e+00 -2.747563276808148380e+00 -2.693609729608318570e+00 8.313075494206150218e-01 -7.374866853177529658e-01 2.716380506437463538e+00 0.000000000000000000e+00
-1.722822185996473465e-01 -8.354301223819318167e-01 -1.375162077338409006e+00 2.766197030909753884e+00 -2.746581307334042599e+00 -2.694478301704236411e+00 8.308923576835207658e-01 -7.381576120571967659e-01 2.715697553583666046e+00 0.000000000000000000e+00
-1.742816405325019746e-01 -8.378012790075156646e-01 -1.374790723040086649e+00 2.766969819887965976e+00 -2.745592229564697728e+00 -2.695340392633176929e+00 8.304717543867219387e-01 -7.388228599870141355e-01 2.715007987496130148e+00 0.000000000000000000e+00
-1.762857432354270892e-01 -8.401748715278647417e-01 -1.374413984349375228e+00 2.767735809172021888e+00 -8.107247035990657880e-01 -2.744596046971077286e+00 -2.696195998613098777e+00 8.300457366281893679e-01 -7.394824303850457969e-01 2.714311810635086086e+00
-1.782945204249676840e-01 -8.425508886270356435e-01 -1.374031867562293563e+00 2.768494995391744595e+00 -8.142578593711843338e-01 -2.743592763056223127e+00 -2.697045115888575761e+00 8.296143015324985992e-01 -7.401363245565664162e-01 2.713609025489036597e+00
-1.803079657910712230e-01 -8.449293189739240928e-01 -1.373644378999316462e+00 2.769247375207289696e+00 -8.177887425723516790e-01 -2.742582381355238130e+00 -2.697887740730820383e+00 8.291774462508479937e-01 -7.407845438342751665e-01 2.712899634574740926e+00
-1.823260729971098726e-01 -8.473101512223208953e-01 -1.373251525005337870e+00 2.769992945309161847e+00 -8.213173405327084398e-01 -2.741564905435259991e+00 -2.698723869437694489e+00 8.287351679610787114e-01 -7.414270895782864024e-01 2.712183640437205057e+00
-1.843488356799022065e-01 -8.496933740109648969e-01 -1.372853311949645994e+00 2.770731702418237408e+00 -8.248436405923678105e-01 -2.740540338895443462e+00 -2.699553498333728818e+00 8.282874638676946955e-01 -7.420639631761208888e-01 2.711461045649667501e+00
-1.863762474497351607e-01 -8.520789759635986060e-01 -1.372449746225887113e+00 2.771463643285769773e+00 -8.283676301014808452e-01 -2.739508685366940366e+00 -2.700376623770137652e+00 8.278343312018811018e-01 -7.426951660426973634e-01 2.710731852813587750e+00
-1.884083018903863760e-01 -8.544669456890203740e-01 -1.372040834252037378e+00 2.772188764693404917e+00 -8.318892964202972973e-01 -2.738469948512878283e+00 -2.701193242124836136e+00 8.273757672215248382e-01 -7.433206996203223227e-01 2.709996064558626294e+00
-1.904449925591466808e-01 -8.568572717811412387e-01 -1.371626582470372391e+00 2.772907063453214249e+00 -8.354086269192322334e-01 -2.737424132028344559e+00 -2.702003349802461152e+00 8.269117692112315510e-01 -7.439405653786824724e-01 2.709253683542648172e+00
-1.924863129868419898e-01 -8.592499428190365496e-01 -1.371206997347430345e+00 2.773618536407683077e+00 -8.389256089789240978e-01 -2.736371239640350783e+00 -2.702806943234374870e+00 8.264423344823458306e-01 -7.445547648148318487e-01 2.708504712451689223e+00
-1.945322566778567852e-01 -8.616449473670036996e-01 -1.370782085373989378e+00 2.774323180429747904e+00 -8.424402299903036573e-01 -2.735311275107833229e+00 -2.703604018878700721e+00 8.259674603729705300e-01 -7.451632994531866006e-01 2.707749153999960523e+00
-1.965828171101561550e-01 -8.640422739746134173e-01 -1.370351853065026493e+00 2.775020992422797317e+00 -8.459524773546501786e-01 -2.734244242221610222e+00 -2.704394573220316289e+00 8.254871442479838617e-01 -7.457661708455107785e-01 2.706987010929822191e+00
-1.986379877353090517e-01 -8.664419111767670545e-01 -1.369916306959693575e+00 2.775711969320692862e+00 -8.494623384836602620e-01 -2.733170144804374591e+00 -2.705178602770888396e+00 8.250013834990590489e-01 -7.463633805709108948e-01 2.706218286011776275e+00
-2.006977619785111910e-01 -8.688438474937488776e-01 -1.369475453621281202e+00 -8.529698007995066833e-01 -2.732088986710666578e+00 -2.705956104068878432e+00 8.245101755446827552e-01 -7.469549302358227116e-01 2.705442982044452993e+00 0.000000000000000000e+00
-2.027621332386085884e-01 -8.712480714312831331e-01 -1.369029299637188002e+00 -8.564748517349035639e-01 -2.731000771826853413e+00 -2.706727073679563667e+00 8.240135178301720709e-01 -7.475408214740026924e-01 2.704661101854594740e+00 0.000000000000000000e+00
-2.048310948881203464e-01 -8.736545714805882268e-01 -1.368577851618888452e+00 -8.599774787331679882e-01 -2.729905504071105327e+00 -2.707491508195044361e+00 8.235114078276947192e-01 -7.481210559465166776e-01 2.703872648297040104e+00 0.000000000000000000e+00
-2.069046402732628576e-01 -8.760633361184304579e-01 -1.368121116201902465e+00 -8.634776692482825089e-01 -2.728803187393375573e+00 -2.708249404234272184e+00 8.230038430362850432e-01 -7.486956353417314469e-01 2.703077624254717204e+00 0.000000000000000000e+00
-2.089827627139726196e-01 -8.784743538071801972e-01 -1.367659100045758747e+00 -8.669754107449582081e-01 -2.727693825775377778e+00 -2.709000758443052437e+00 8.224908209818632132e-01 -7.492645613753028400e-01 2.702276032638621039e+00 0.000000000000000000e+00
-2.110654558540579762e-01 -8.808876124912208283e-01 -1.367191809530741375e+00 -8.704706915813328338e-01 -2.726577424931298399e+00 -2.709745570008297300e+00 8.219723388268403985e-01 -7.498278366190875843e-01 2.701467875203543478e+00 0.000000000000000000e+00
-2.131527122618206149e-01 -8.833031016099969213e-01 -1.366719251969801707e+00 2.780357171548561990e+00 -8.739634974812806600e-01 -2.725453985510204902e+00 -2.710483830609067724e+00 8.214483949305511068e-01 -7.503854611880640402e-01 2.700653157281359462e+00
-2.152445255271407121e-01 -8.857208090815162915e-01 -1.366241433792374282e+00 2.780993360960905658e+00 -8.774538168209563560e-01 -2.724323513282458809e+00 -2.711215539475380520e+00 8.209189865109256523e-01 -7.509374377050899163e-01 2.699831880687963981e+00
-2.173408888650738835e-01 -8.881407233111187072e-01 -1.365758361753711680e+00 -8.809416371086031816e-01 -2.723186012356571872e+00 -2.711940693360611832e+00 8.203841112016033721e-01 -7.514837679948666027e-01 2.699004048446495219e+00 0.000000000000000000e+00
-2.194417954645176694e-01 -8.905628326900250080e-01 -1.365270042632918512e+00 -8.844269458635083403e-01 -2.722041486872708749e+00 -2.712659289045083355e+00 8.198437666631982479e-01 -7.520244539093327019e-01 2.698169663608094737e+00 0.000000000000000000e+00
-2.215472384882351542e-01 -8.929871255953902853e-01 -1.364776483232914339e+00 -8.879097306160618208e-01 -2.720889941002654133e+00 -2.713371323336064567e+00 8.192979505833131171e-01 -7.525594973276512611e-01 2.697328729251880386e+00 0.000000000000000000e+00
-2.236572110728796414e-01 -8.954135903903581717e-01 -1.364277690380400809e+00 -8.913899789078187919e-01 -2.719731378949791445e+00 -2.714076793067788262e+00 8.187466606765556598e-01 -7.530889001561991147e-01 2.696481248484933424e+00 0.000000000000000000e+00
-2.257717063290200776e-01 -8.978422154241209041e-01 -1.363773670925829462e+00 -8.948676782915657713e-01 -2.718565804949085063e+00 -2.714775695101473652e+00 8.181898946845596043e-01 -7.536126643285563365e-01 1.116689349313911173e+00 2.695627224442290082e+00
-2.278907173411652831e-01 -9.002729890319708383e-01 -1.363264431743367977e+00 -8.983428163313770254e-01 -2.717393223267046576e+00 -2.715468026325330353e+00 8.176276503759970504e-01 -7.541307918054939163e-01 1.113130448646149295e+00 2.694766660286920246e+00
-2.300142371677895980e-01 -9.027058995353575144e-01 -1.362749979730868644e+00 -9.018153806026815156e-01 -2.716153783654580156e+00 8.170599255465968991e-01 -7.546432845749627694e-01 1.109568433212837490e+00 2.693899559209713246e+00 0.000000000000000000e+00
-2.321422588413578902e-01 -9.051409352419442778e-01 -1.362230321809832834e+00 -9.052853586923230722e-01 -2.716832964031468567e+00 8.164867180191627272e-01 -7.551501446520813010e-01 1.106003315700595069e+00 2.693025924429460538e+00 0.000000000000000000e+00
-2.342747753683507295e-01 -9.075780844456623475e-01 -1.361705464925377917e+00 -9.087527381986206798e-01 -2.717505564425277687e+00 8.159080256435853329e-01 -7.556513740791243050e-01 1.102435108809686870e+00 2.692145759192845933e+00 0.000000000000000000e+00
-2.364117797292904222e-01 -9.100173354267687698e-01 -1.361175416046205067e+00 -9.122175067314340913e-01 -2.718171581832339534e+00 8.153238462968628308e-01 -7.561469749255100847e-01 1.098863825253966198e+00 2.691259066774418507e+00 0.000000000000000000e+00
-2.385532648787662691e-01 -9.124586764519008186e-01 -1.360640182164563283e+00 -9.156796519122227807e-01 -2.718831013276054698e+00 8.147341778831147519e-01 -7.566369492877895730e-01 1.095289477760816865e+00 2.690365850476588605e+00 0.000000000000000000e+00
-2.406992237454604611e-01 -9.149020957741329507e-01 -1.360099770296219202e+00 -9.191391613741098920e-01 -2.719483855806902106e+00 8.141390183335983632e-01 -7.571212992896338978e-01 1.091712079071092800e+00 2.689466113629604749e+00 0.000000000000000000e+00
-2.428496492321741695e-01 -9.173475816330319832e-01 -1.359554187480417120e+00 -9.225960227619413034e-01 -2.720130106502450129e+00 8.135383656067239899e-01 -7.576000270818203930e-01 1.088131641939059202e+00 2.688559859591537204e+00 0.000000000000000000e+00
-2.450045342158533868e-01 -9.197951222547139372e-01 -1.359003440779852578e+00 -9.260502237323501307e-01 -2.720769762467375674e+00 8.129322176880713346e-01 -7.580731348422220517e-01 1.084548179132334145e+00 2.687647091748262440e+00 0.000000000000000000e+00
-2.471638715476155990e-01 -9.222447058519015473e-01 -1.358447537280631279e+00 -9.295017519538173456e-01 -2.721402820833475733e+00 8.123205725904053542e-01 -7.585406247757952025e-01 1.080961703431831067e+00 2.686727813513449803e+00 0.000000000000000000e+00
-2.493276540527757656e-01 -9.246963206239779964e-01 -1.357886484092240442e+00 -9.329505951067323943e-01 -2.722029278759676263e+00 8.117034283536903594e-01 -7.590024991145651878e-01 1.077372227631695489e+00 2.685802028328539315e+00 0.000000000000000000e+00
-2.514958745308732424e-01 -9.271499547570452027e-01 -1.357320288347509285e+00 -9.363967408834581452e-01 -2.722649133432053059e+00 8.110807830451070011e-01 -7.594587601176147063e-01 1.073779764539251058e+00 2.684869739662727461e+00 0.000000000000000000e+00
