1.518611000721709274e+02
1.325701310005272262e+02
1.133701168857005541e+02
9.426341612509339996e+01
7.525236252704270612e+01
5.633926502332339936e+01
3.752640740975976286e+01
1.881604805756028398e+01
2.104196556714601762e-01
-1.828827106038860606e+01
-3.667784353169916045e+01
-5.495614368347400358e+01
-7.312104409492634716e+01
-9.117044429856927934e+01
-1.091022709996536264e+02
-1.269144783335730438e+02
-1.446050480455331240e+02
-1.621719897916022717e+02
-1.796133413282184677e+02
-1.969271686602941145e+02
-2.141115663123241006e+02
-2.311646574605167643e+02
-2.480845941096557397e+02
-2.648695572967370140e+02
-2.815177572653215634e+02
-2.980274336115909364e+02
-3.143968554704596272e+02
-3.306243216887548897e+02
-3.467081610311738586e+02
-3.626467323262373839e+02
-3.784384246227147059e+02
-3.940816573933924474e+02
-4.095748806256038961e+02
-4.249165749482955334e+02
-4.401052518282320420e+02
-4.551394536367282626e+02
-4.700177537827763672e+02
-4.847387567476667414e+02
-4.993010984069097162e+02
-5.137034458475453675e+02
-5.279444976794028435e+02
-5.420229840618288790e+02
-5.559376668282271794e+02
-5.696873394853968193e+02
-5.832708275575315611e+02
-5.966869883365592386e+02
-6.099347112028444826e+02
-6.230129176060310101e+02
-6.359205610628262093e+02
-6.486566272939005557e+02
-6.612201342956504959e+02
-6.736101322829413220e+02
-6.858257038173308047e+02
-6.978659638761367887e+02
-7.097300597892926817e+02
-7.214171714180471326e+02
-7.329265110786860760e+02
-7.442573236743877487e+02
-7.554088865859602038e+02
-7.663805097964796005e+02
-7.771715357853927344e+02
-7.877813396700488511e+02
-7.982093290919023048e+02
-8.084549443265609625e+02
-8.185176581568846359e+02
-8.283969758554269447e+02
-8.380924352852076709e+02
-8.476036067794128712e+02
-8.569300931610935095e+02
-8.660715295564866665e+02
-8.750275837436341817e+02
-8.837979555901547428e+02
-8.923823773961499910e+02
-9.007806136827579166e+02
-9.089924611864823873e+02
-9.170177486255898884e+02
-9.248563370476613272e+02
-9.325081191978800916e+02
-9.399730198531467522e+02
-9.472509955709268752e+02
-9.543420346553687068e+02
-9.612461569412312201e+02
-9.679634138457239487e+02
-9.744938882537061318e+02
-9.808376942701145254e+02
-9.869949772461321800e+02
-9.929659135055677552e+02
-9.987507104138456953e+02
-1.004349606083998538e+03
-1.009762869405006427e+03
-1.014990799721708527e+03
-1.020033726841920043e+03
-1.024892010734299447e+03
-1.029566041569969457e+03
-1.034056239403322479e+03
-1.038363054175829348e+03
-1.042486965352985862e+03
-1.046428481917208273e+03
-1.050188142025246179e+03
-1.053766513027550900e+03
