-1.027874060902579885e+02
-2.947443691576868829e+01
4.387016400508910152e+01
1.172374092569165214e+02
1.906183060926448718e+02
2.640038574786141226e+02
3.373850631372679345e+02
4.107529206132329591e+02
4.840984263126939027e+02
5.574125765861419950e+02
6.306863687449697409e+02
7.039108021547493763e+02
7.770768792712281083e+02
8.501756067173772635e+02
9.231979963491208991e+02
9.961350663687394444e+02
1.068977842283477685e+03
1.141717358196694931e+03
1.214344657781167598e+03
1.286850795279041449e+03
1.359226836806049960e+03
1.431463861196939433e+03
1.503552961202930192e+03
1.575485244492591846e+03
1.647251834680071397e+03
1.718843872448253023e+03
1.790252516435748703e+03
1.861468944495352616e+03
1.932484354603436941e+03
2.003289965979615999e+03
2.073877020102482220e+03
2.144236781746525594e+03
2.214360540044834124e+03
2.284239609510385435e+03
2.353865331098097158e+03
2.423229073242983759e+03
2.492322232869289110e+03
2.561136236508293223e+03
2.629662541313324709e+03
2.697892636189623317e+03
2.765818042763611174e+03
2.833430316512418813e+03
2.900721047757228007e+03
2.967681862715134685e+03
3.034304424463472515e+03
3.100580434023527687e+03
3.166501631280601032e+03
3.232059795985218443e+03
3.297246748736985410e+03
3.362054351907757791e+03
3.426474510710105733e+03
3.490499174140605646e+03
3.554120335968430027e+03
3.617330035841549943e+03
3.680120360173431436e+03
3.742483443212845941e+03
3.804411468032922585e+03
3.865896667495894235e+03
3.926931325267115426e+03
3.987507776778503739e+03
4.047618410213337029e+03
4.107255667447782798e+03
4.166412045045981358e+03
4.225080095172870642e+03
4.283252426572696095e+03
4.340921705515443136e+03
4.398080656698935854e+03
4.454722064206062896e+03
4.510838772413878360e+03
4.566423686961432395e+03
4.621469775579966154e+03
4.675970069108999269e+03
4.729917662333356020e+03
4.783305714897828693e+03
4.836127452198547871e+03
4.888376166269544228e+03
4.940045216592388897e+03
4.991128031070182260e+03
5.041618106785272175e+03
5.091509010898326778e+03
5.140794381477661773e+03
5.189467928339765422e+03
5.237523433901151293e+03
5.284954753914431421e+03
5.331755818397584335e+03
5.377920632360026502e+03
5.423443276605261417e+03
5.468317908561615695e+03
5.512538762995908655e+03
5.556100152778959455e+03
5.598996469728716875e+03
5.641222185248368078e+03
5.682771851131948097e+03
5.723640100255262041e+03
5.763821647329655207e+03
5.803311289601178032e+03
5.842103907611534851e+03
5.880194465881887481e+03
5.917578013656188887e+03
5.954249685568118366e+03
