-6.886284952785842506e+03
-6.887500379872093617e+03
-6.887878382870233509e+03
-6.887418956705104392e+03
-6.886122196159893065e+03
-6.883988295857481717e+03
-6.881017550234818373e+03
-6.877210353505169223e+03
-6.872567199608316514e+03
-6.867088682148027146e+03
-6.860775494326205262e+03
-6.853628428868320043e+03
-6.845648377947451081e+03
-6.836836333097408897e+03
-6.827193385116424906e+03
-6.816720723952221306e+03
-6.805419638595308243e+03
-6.793291516905174831e+03
-6.780337845460483550e+03
-6.766560209391535864e+03
-6.751960292134487645e+03
-6.736539875255132756e+03
-6.720300838198072597e+03
-6.703245158067302327e+03
-6.685374909404278696e+03
-6.666692263943357830e+03
-6.647199490418200185e+03
-6.626898954263941960e+03
-6.605793117389514919e+03
-6.583884537883578560e+03
-6.561175869735146080e+03
-6.537669862537147310e+03
-6.513369361180364649e+03
-6.488277305552092912e+03
-6.462396730210695750e+03
-6.435730764071726298e+03
-6.408282630098471600e+03
-6.380055644953094998e+03
-6.351053218651165480e+03
-6.321278854186661192e+03
-6.290736147160794644e+03
-6.259428785343861819e+03
-6.227360548267251943e+03
-6.194535306783786837e+03
-6.160957022618021256e+03
-6.126629747894022330e+03
-6.091557624675927400e+03
-6.055744884498903048e+03
-6.019195847911940291e+03
-5.981914924049983711e+03
-5.943906610138543329e+03
-5.905175491076995058e+03
-5.865726238967800782e+03
-5.825563612563264542e+03
-5.784692456839679835e+03
-5.743117702415023814e+03
-5.700844365026193373e+03
-5.657877544981227402e+03
-5.614222426593766613e+03
-5.569884277604910494e+03
-5.524868448604759578e+03
-5.479180372435078425e+03
-5.432825563571777820e+03
-5.385809617521067594e+03
-5.338138210186285505e+03
-5.289817097228654347e+03
-5.240852113432462829e+03
-5.191249172047527281e+03
-5.141014264135565099e+03
-5.090153457885191528e+03
-5.038672897941381962e+03
-4.986578804704951835e+03
-4.933877473617956639e+03
-4.880575274455098224e+03
-4.826678650580888643e+03
-4.772194118235895075e+03
-4.717128265774904321e+03
-4.661487752907023605e+03
-4.605279309955557437e+03
-4.548509737070168740e+03
-4.491185903452089406e+03
-4.433314746585214380e+03
-4.374903271378765567e+03
-4.315958549460528957e+03
-4.256487718251487422e+03
-4.196497980200902930e+03
-4.135996601979440129e+03
-4.074990913530663420e+03
-4.013488307341287509e+03
-3.951496237548137742e+03
-3.889022218997444270e+03
-3.826073826487443512e+03
-3.762658693840441629e+03
-3.698784513034077918e+03
-3.634459033330178499e+03
-3.569690060384711160e+03
-3.504485455345929495e+03
-3.438853133953300130e+03
-3.372801065605592157e+03
-3.306337272423498234e+03
