-1.933563339246790136e+00
-1.924586519165954801e+00
-1.915372639481466965e+00
-1.905924145683007831e+00
-1.896243510624858741e+00
-1.886333235259864072e+00
-1.876195847676844775e+00
-1.865833903273804939e+00
-1.855249983785248968e+00
-1.844446696584573830e+00
-1.833426673794313899e+00
-1.822192572538114952e+00
-1.810747073947811980e+00
-1.799092883707959833e+00
-1.787232731599059710e+00
-1.775169371123210826e+00
-1.762905578594700762e+00
-1.750444152366433803e+00
-1.737787911707316058e+00
-1.724939695464300815e+00
-1.711902361230375869e+00
-1.698678784598681712e+00
-1.685271858553249125e+00
-1.671684493524706161e+00
-1.657919617460185790e+00
-1.643980175800677790e+00
-1.629869131837801799e+00
-1.615589466480920056e+00
-1.601144178211370672e+00
-1.586536282340751836e+00
-1.571768810194931865e+00
-1.556844808288169846e+00
-1.541767337067919907e+00
-1.526539469929021786e+00
-1.511164292609098903e+00
-1.495644902456636727e+00
-1.479984408120475825e+00
-1.464185929003162023e+00
-1.448252595555954647e+00
-1.432187548213043726e+00
-1.415993937789661095e+00
-1.399674925152967209e+00
-1.383233681207929999e+00
-1.366673386329082751e+00
-1.349997230168348938e+00
-1.333208409749650825e+00
-1.316310128868296125e+00
-1.299305597042121896e+00
-1.282198028996204719e+00
-1.264990644790774610e+00
-1.247686669881200139e+00
-1.230289334925618983e+00
-1.212801875737771873e+00
-1.195227532882608967e+00
-1.177569550974921997e+00
-1.159831178260729123e+00
-1.142015665792785795e+00
-1.124126266994275980e+00
-1.106166236875133935e+00
-1.088138831680744989e+00
-1.070047308217241033e+00
-1.051894923576497831e+00
-1.033684934477069994e+00
-1.015420596946311038e+00
-9.971051656619124293e-01
-9.787418934737807108e-01
-9.603340311050532208e-01
-9.418848265683209542e-01
-9.233975247832133526e-01
-9.048753669280970025e-01
-8.863215904366852360e-01
-8.677394278417532858e-01
-8.491321067006645240e-01
-8.305028488345042037e-01
-8.118548698192136204e-01
-7.931913782570730875e-01
-7.745155756991563001e-01
-7.558306555390160719e-01
-7.371398029629937509e-01
-7.184461942765043574e-01
-6.997529964678539383e-01
-6.810633665982277485e-01
-6.623804514477767968e-01
-6.437073870194287561e-01
-6.250472979208085977e-01
-6.064032970321437954e-01
-5.877784849285816460e-01
-5.691759496101418403e-01
-5.505987659591006222e-01
-5.320499954507851292e-01
-5.135326855556224812e-01
-4.950498693870679090e-01
-4.766045650821352786e-01
-4.581997754574294590e-01
-4.398384874181984205e-01
-4.215236716008736173e-01
-4.032582817300485178e-01
-3.850452542037926529e-01
-3.668875074625503330e-01
-3.487879416285486478e-01
