-1.633914482182522165e-01
-7.965261828081701689e-02
4.091710291816521607e-03
8.783155078784575520e-02
1.715569182874920606e-01
2.552578299334598566e-01
3.389243059460754770e-01
4.225463709985787797e-01
5.061140554320230356e-01
5.896173960758949173e-01
6.730464367578818941e-01
7.563912287779521737e-01
8.396418315858917847e-01
9.227883137413318559e-01
1.005820754110335891e+00
1.088729243280792902e+00
1.171503885257473065e+00
1.254134799463115790e+00
1.336612122898253707e+00
1.418926012167595951e+00
1.501066645083753981e+00
1.583024221686709865e+00
1.664788964670635751e+00
1.746351119380489925e+00
1.827700953751892010e+00
1.908828758663200675e+00
1.989724848960046089e+00
2.070379564983095833e+00
2.150783274140500634e+00
2.230926372150484838e+00
2.310799283908982815e+00
2.390392464172735210e+00
2.469696398222111622e+00
2.548701602486083129e+00
2.627398625032738799e+00
2.705778045972023982e+00
2.783830478095819405e+00
2.861546568141879021e+00
2.938916998771325062e+00
3.015932490855411707e+00
3.092583805491361026e+00
3.168861745504154559e+00
3.244757156722755109e+00
3.320260929396457339e+00
3.395363999655448772e+00
3.470057350445015398e+00
3.544332011494486512e+00
3.618179058504336076e+00
3.691589612260402387e+00
3.764554838328784570e+00
3.837065947593718995e+00
3.909114197532712609e+00
3.980690893924649032e+00
4.051787392663391607e+00
4.122395101436526765e+00
4.192505481181169280e+00
4.262110047346935993e+00
4.331200371065155430e+00
4.399768080300956896e+00
4.467804861014404771e+00
4.535302458305315199e+00
4.602252677511048162e+00
4.668647385229665936e+00
4.734478510258110617e+00
4.799738044465488684e+00
4.864418043616222320e+00
4.928510628207320110e+00
4.992007984363739936e+00
5.054902364849882090e+00
5.117186090202361370e+00
5.178851549950548971e+00
5.239891203851897217e+00
5.300297583038539706e+00
5.360063291033346999e+00
5.419181004636346444e+00
5.477643474746936469e+00
5.535443527168673938e+00
5.592574063425123754e+00
5.649028061605555706e+00
5.704798577248654468e+00
5.759878744274091744e+00
5.814261775949202793e+00
5.867940965839314238e+00
5.920909688724518283e+00
5.973161401482298238e+00
6.024689643942507722e+00
6.075488039718850430e+00
6.125550297003797162e+00
6.174870209313540137e+00
6.223441656167455704e+00
6.271258603653960151e+00
6.318315104837446405e+00
6.364605300042059710e+00
6.410123417173830163e+00
6.454863772309132663e+00
6.498820770704464067e+00
6.541988908073490094e+00
6.584362771917836810e+00
6.625937042701850466e+00
6.666706494964332208e+00
