3.917149993336928219e+03 -6.608393725418249232e+03 5.294118028884748128e+03 1.537467264974132013e+04 -1.364631991571410435e+04 1.330156565907721051e+04 -1.532601470687583787e+04 1.122708076561833423e+03 2.516775632319046781e+04 1.506619869883938554e+04
3.940201710750825441e+03 -6.589142427995075195e+03 5.306469173747382229e+03 1.537169618275946414e+04 -1.364271934912576216e+04 1.331740834619946327e+04 -1.532220648547436213e+04 1.146150012564962935e+03 2.516209048367991636e+04 1.506445449940048456e+04
3.963232520329744602e+03 -6.569864874621435774e+03 5.318797255535249860e+03 1.536873368660537199e+04 -1.363913666526234010e+04 1.333322142893908858e+04 -1.531841309260377420e+04 1.169607730385752575e+03 2.515639344741492096e+04 1.506272621091883047e+04
3.986242375976970379e+03 -6.550561092904432371e+03 5.331102279696940059e+03 1.536578518350678132e+04 -1.363557186258660113e+04 1.334900488985637821e+04 -1.531463455226077531e+04 1.193081182093838606e+03 2.515066525066066606e+04 1.506101383224980236e+04
4.009231231688254866e+03 -6.531231110577217805e+03 5.343384251780454179e+03 1.536285069557480165e+04 -1.363202493942702495e+04 1.336475871163521151e+04 -1.531087088832679365e+04 1.216570319669017863e+03 2.514490592978219138e+04 1.505931736212600845e+04
4.032199041564849722e+03 -6.511874955486729959e+03 5.355643177441323132e+03 1.535993024480385975e+04 -1.362849589397623640e+04 1.338048287707395866e+04 -1.530712212456774614e+04 1.240075095004824561e+03 2.513911552124505397e+04 1.505763679915624016e+04
4.055145759807009199e+03 -6.492492655607441520e+03 5.367879062432944011e+03 1.535702385307152872e+04 -1.362498472429367393e+04 1.339617736909993982e+04 -1.530338828463408390e+04 1.263595459904500558e+03 2.513329406161429142e+04 1.505597214182613061e+04
4.078071340706974297e+03 -6.473084239035081737e+03 5.380091912627117381e+03 1.535413154213842427e+04 -1.362149142830348137e+04 1.341184217074513435e+04 -1.529966939206054667e+04 1.287131366083778403e+03 2.512744158755455283e+04 1.505432338849840380e+04
4.100975738670040300e+03 -6.453649733982580074e+03 5.392281733992835143e+03 1.535125333364816834e+04 -1.361801600379448610e+04 1.342747726517768388e+04 -1.529596547026596818e+04 1.310682765175663008e+03 2.512155813583112831e+04 1.505269053741152129e+04
4.123858908184359279e+03 -6.434189168790107033e+03 5.404448532595311917e+03 1.534838924912714356e+04 -1.361455844842360602e+04 1.344308263567755057e+04 -1.529227654255355083e+04 1.334249608717668934e+03 2.511564374330664214e+04 1.505107358668235065e+04
4.146720803854559563e+03 -6.414702571905114382e+03 5.416592314620605976e+03 1.534553930998454416e+04 -1.361111875970974143e+04 1.345865826564075905e+04 -1.528860263211014535e+04 1.357831848171101228e+03 2.510969844694538187e+04 1.504947253430222736e+04
4.169561380372329950e+03 -6.395189971915222486e+03 5.428713086354852749e+03 1.534270353751210678e+04 -1.360769693504003044e+04 1.347420413859028304e+04 -1.528494376200672195e+04 1.381429434900063370e+03 2.510372228380890010e+04 1.504788737814096203e+04
4.192380592534660536e+03 -6.375651397515125609e+03 5.440810854178083900e+03 1.533988195288410679e+04 -1.360429297166619835e+04 1.348972023816893852e+04 -1.528129995519787371e+04 1.405042320187262703e+03 2.509771529105814261e+04 1.504631811594475948e+04
4.215178395242807710e+03 -6.356086877532129620e+03 5.452885624594638102e+03 1.533707457715724377e+04 -1.360090686670561081e+04 1.350520654813208967e+04 -1.527767123452191481e+04 1.428670455227450702e+03 2.509167750595305552e+04 1.504476474533610417e+04
4.237954743493239221e+03 -6.336496440893657564e+03 5.464937404186063759e+03 1.533428143127048497e+04 -1.359753861714123377e+04 1.352066305236702829e+04 -1.527405762270061859e+04 1.452313791126374554e+03 2.508560896585191585e+04 1.504322726381466236e+04
4.260709592369345046e+03 -6.316880116684112181e+03 5.476966199755041998e+03 1.533150253604489444e+04 -1.359418821982515510e+04 1.353608973486565810e+04 -1.527045914233945587e+04 1.475972278896223997e+03 2.507950970821152805e+04 1.504170566875858094e+04
4.283442897104533586e+03 -6.297237934049959222e+03 5.488972017871600656e+03 1.532873791218391125e+04 -1.359085567146470021e+04 1.355148657976518189e+04 -1.526687581592642709e+04 1.499645869505738574e+03 2.507337977058575052e+04 1.504019995741721323e+04
4.306154612975967211e+03 -6.277569922314023643e+03 1.532598758027261101e+04 -1.358754096864523126e+04 1.356685357129766453e+04 -1.526330766583361037e+04 1.523334513779904682e+03 2.506721919062901361e+04 1.503871012692304612e+04 0.000000000000000000e+00
4.328844695369366491e+03 -6.257876110916103244e+03 1.532325156077799875e+04 -1.358424410781698680e+04 1.358219069381856025e+04 -1.525975471431613914e+04 1.547038162470849784e+03 2.506102800608841790e+04 1.503723617428548641e+04 0.000000000000000000e+00
4.351513099819731906e+03 -6.238156529368726297e+03 1.532052987404905798e+04 -1.358096508528456434e+04 1.359749793181801761e+04 -1.525621698351126724e+04 1.570756766286123138e+03 2.505480625481814059e+04 1.503577809638440522e+04 0.000000000000000000e+00
4.374159781900806593e+03 -6.218411207362143614e+03 1.531782254031615412e+04 -1.357770389723347216e+04 1.361277526988250065e+04 -1.525269449544023155e+04 1.594490275786083885e+03 2.504855397475704740e+04 1.503433588998414962e+04 0.000000000000000000e+00
4.396784697328916991e+03 -6.198640174665702943e+03 1.531512957969143463e+04 -1.357446053970444882e+04 1.362802269276468178e+04 -1.524918727200618741e+04 1.618238641502459359e+03 2.504227120395301245e+04 1.503290955172078611e+04 0.000000000000000000e+00
4.419387801913850126e+03 -6.178843461186477725e+03 1.531245101216840703e+04 -1.357123500860814602e+04 1.364324018532508126e+04 -1.524569533499533827e+04 1.642001813849418340e+03 -8.530689528020442594e+03 2.503595798054602346e+04 1.503149907810963305e+04
4.441969051553272948e+03 -6.159021096947848491e+03 1.530978685762189343e+04 -1.356802729972252928e+04 1.365842773241247596e+04 -1.524221870607639175e+04 1.665779743159966301e+03 -8.549997682119879755e+03 2.502961434276845830e+04 1.503010446554259397e+04
4.464528402266100784e+03 -6.139173112091915755e+03 1.530713713580804688e+04 -1.356483740868929453e+04 -1.523875740680043054e+04 1.689572379694973961e+03 -8.569279842173908037e+03 2.502324032896059725e+04 1.502872571028826314e+04 0.000000000000000000e+00
4.487065810147398224e+03 -6.119299536907102265e+03 1.530450186636402759e+04 -1.356166533102237736e+04 -1.523531145860129800e+04 1.713379673599966736e+03 -8.588535979712914923e+03 2.501683597754534276e+04 1.502736280849521063e+04 0.000000000000000000e+00
4.509581231424706857e+03 -6.099400401740816960e+03 1.530188106880831037e+04 -1.355851106209093086e+04 -1.523188088279425210e+04 1.737201574985885600e+03 -8.607766066432286607e+03 2.501040132705773794e+04 1.502601575618299285e+04 0.000000000000000000e+00
4.532074622414207624e+03 -6.079475737115709308e+03 1.529927476254006433e+04 -1.355537459714089164e+04 -1.522846570057740428e+04 1.761038033835416854e+03 -8.626970074101687715e+03 2.500393641611652492e+04 1.502468454925380684e+04 0.000000000000000000e+00
4.554545939531521071e+03 -6.059525573652936146e+03 1.529668296683946755e+04 -1.355225593127864158e+04 -1.522506593303061345e+04 1.784889000071579176e+03 -8.646147974626894211e+03 1.502336918348443760e+04 0.000000000000000000e+00 0.000000000000000000e+00
4.576995139289250801e+03 -6.039549942097109124e+03 1.529410570086735061e+04 -1.354915505948130703e+04 -1.522168160111581346e+04 1.808754423513445090e+03 -8.665299740021571779e+03 1.502206965453014527e+04 0.000000000000000000e+00 0.000000000000000000e+00
4.599422178314472148e+03 -6.019548873306414862e+03 1.529154298366525654e+04 -1.354607197659011763e+04 -1.521831272567662563e+04 1.832634253915232421e+03 -8.684425342424005066e+03 1.502078595792267151e+04 0.000000000000000000e+00 0.000000000000000000e+00
4.621827013335915581e+03 -5.999522398273824365e+03 1.528899483415530813e+04 -1.354300667731282374e+04 -1.521495932743852427e+04 1.856528440940498513e+03 -8.703524754086622124e+03 1.501951808907056511e+04 0.000000000000000000e+00 0.000000000000000000e+00
4.644209601183227278e+03 -5.979470548087982024e+03 1.528646127114004776e+04 -1.353995915622533357e+04 -1.521162142700848926e+04 1.880436934164331660e+03 -8.722597947380225378e+03 1.501826604326094275e+04 0.000000000000000000e+00 0.000000000000000000e+00
4.666569898792155072e+03 -5.959393353964479502e+03 1.528394231330245748e+04 -1.353692940776744945e+04 -1.520829904487505519e+04 1.904359683092462319e+03 -8.741644894797473171e+03 1.346936089832014659e+04 1.501702981565636219e+04 0.000000000000000000e+00
4.688907863187952898e+03 -5.939290847260433111e+03 -2.412353734822017577e+04 1.528143797920569523e+04 -1.353391742624943799e+04 -1.520499220140833131e+04 1.928296637133140621e+03 -8.760665568943704784e+03 1.345476954639817268e+04 1.501580940129877126e+04
4.711223451514609224e+03 -5.919163059424062340e+03 -2.411356200685635122e+04 1.527894828729316578e+04 -1.353092320584848858e+04 -1.520170091685980151e+04 1.952247745606634908e+03 -8.779659942531603519e+03 1.344014691814035359e+04 1.501460479510717960e+04
4.733516621009883238e+03 -5.899010022024084719e+03 -2.410355947118339463e+04 1.527647325588834428e+04 -1.352794674060558100e+04 -1.519842521136188770e+04 1.976212957766321324e+03 -8.798627988413247294e+03 1.342549302453981545e+04 1.501341599187686916e+04
4.755787329031127229e+03 -5.878831766802288257e+03 -2.409352979053061790e+04 1.527401290319473628e+04 -1.352498802443013483e+04 -1.519516510492831912e+04 2.000192222794501276e+03 -8.817569679551319496e+03 1.341080787672161932e+04 1.501224298628061661e+04
4.778035533018117349e+03 -5.858628325522425257e+03 -2.408347301431404776e+04 1.527156724729572306e+04 -1.352204705109910901e+04 -1.519192061745392493e+04 2.024185489752837611e+03 -8.836484989025482719e+03 1.339609148594508224e+04 1.501108577286966283e+04
4.800261190527554390e+03 -2.407338919203064506e+04 1.526913630615447073e+04 -1.351912381425796593e+04 -1.518869176871455602e+04 2.048192707646557665e+03 -8.855373890024751745e+03 1.338134386360064673e+04 1.500994434607298535e+04 0.000000000000000000e+00
4.822464259232489894e+03 -2.406327837325822111e+04 1.526672009761395020e+04 -1.351621830741626218e+04 -1.518547857836655749e+04 2.072213825405566695e+03 -8.874236355875747904e+03 1.336656502119590186e+04 1.500881870019529742e+04 0.000000000000000000e+00
4.844644696877975548e+03 -2.405314060766136754e+04 1.526431863939667710e+04 -1.351333052395237792e+04 -1.518228106594736346e+04 2.096248791863178667e+03 -8.893072360014652077e+03 1.335175497037652167e+04 1.500770882942029675e+04 0.000000000000000000e+00
4.866802461357030552e+03 -2.404297594498502440e+04 1.526193194910476814e+04 -1.351046045711331317e+04 -1.517909925087502052e+04 2.120297555769724113e+03 -8.911881875992350615e+03 1.333691372291613334e+04 1.500661472780933036e+04 0.000000000000000000e+00
4.888937510628807104e+03 -2.403278443505688483e+04 1.525956004421975558e+04 -1.350760810001175560e+04 -1.517593315244807491e+04 2.144360065813856181e+03 -8.930664877485891338e+03 1.332204129072195610e+04 1.500553638930107809e+04 0.000000000000000000e+00
-2.402256612778378258e+04 1.525720294210258544e+04 -1.350477344562872713e+04 -1.517278278984554890e+04 2.168436270576891275e+03 -8.949421338287596882e+03 1.330713768581703334e+04 1.500447380771192729e+04 0.000000000000000000e+00 0.000000000000000000e+00
-2.401232107315837129e+04 1.525486065999342827e+04 -1.350195648681277817e+04 -1.516964818212694263e+04 2.192526118582057734e+03 -8.968151232311876811e+03 1.329220292036885985e+04 1.500342697673605107e+04 0.000000000000000000e+00 0.000000000000000000e+00
-2.400204932125069172e+04 1.525253321501168466e+04 -1.349915721628062420e+04 -1.516652934823198484e+04 2.216629558255718621e+03 -8.986854533591378640e+03 1.327723700666382138e+04 1.500239588994563201e+04 0.000000000000000000e+00 0.000000000000000000e+00
-2.399175092221478917e+04 1.525022062415585060e+04 -1.349637562661617267e+04 -1.516342630698069115e+04 2.240746537952596100e+03 -9.005531216278346619e+03 1.326223995712024407e+04 1.500138054079038375e+04 0.000000000000000000e+00 0.000000000000000000e+00
-2.398142592628477360e+04 1.804458290405494608e+03 1.524792290430343019e+04 -1.349361171027166529e+04 -1.516033907707317121e+04 2.264877005964255659e+03 -9.024181254642095155e+03 1.324721178428654275e+04 1.500038092259880432e+04 0.000000000000000000e+00
-2.397107438377237122e+04 1.783687476523833766e+03 1.524564007221091560e+04 -1.349086545956510054e+04 -1.515726767708928310e+04 2.289020910414441460e+03 -9.042804623086245556e+03 1.323215250083136380e+04 1.499939702857476004e+04 0.000000000000000000e+00
-2.396069634507406590e+04 1.762893796136048422e+03 1.524337214451356522e+04 -1.348813686668576702e+04 -1.515421212548930271e+04 2.313178199488044356e+03 -9.061401296115573132e+03 1.321706211956275547e+04 1.499842885180337362e+04 0.000000000000000000e+00
-2.395029186066481270e+04 1.742077286014785841e+03 1.524111913772548724e+04 -1.348542592369010890e+04 -1.515117244061318161e+04 2.337348821226058135e+03 -9.079971248359915990e+03 1.320194065341585156e+04 1.499747638524645663e+04 0.000000000000000000e+00
-2.393986098109571321e+04 1.721237983030298210e+03 1.523888106823943417e+04 -1.348273262249789695e+04 -1.514814864068020688e+04 2.361532723450611684e+03 -9.098514454588299486e+03 1.318678811543680422e+04 1.499653962174134722e+04 0.000000000000000000e+00
-2.392940375700542427e+04 1.700375924200117424e+03 1.523665795232675919e+04 -1.348005695490679318e+04 -1.514514074379022713e+04 -9.117030889655792635e+03 1.317160451883285350e+04 1.499561855400886088e+04 0.000000000000000000e+00 0.000000000000000000e+00
-2.391892023910411808e+04 1.679491146619575375e+03 1.523444980613735970e+04 -1.347739891257407362e+04 -1.514214876792192626e+04 -9.135520528568345981e+03 1.315638987691007424e+04 1.499471317464333333e+04 0.000000000000000000e+00 0.000000000000000000e+00
-2.390841047818458537e+04 1.658583687507852574e+03 1.523225664569956461e+04 -1.347475848702844996e+04 -1.513917273093375843e+04 -9.153983346441329559e+03 1.314114420311572030e+04 1.499382347611898513e+04 0.000000000000000000e+00 0.000000000000000000e+00
-2.389787452511770971e+04 1.637653584193689312e+03 1.523007848692007246e+04 -1.347213566966772851e+04 -1.513621265056370430e+04 -9.172419318510885205e+03 1.312586751102014750e+04 1.499294945078818091e+04 0.000000000000000000e+00 0.000000000000000000e+00
-2.388731243085189271e+04 1.616700874115556644e+03 1.522791534558384228e+04 -1.346953045175713487e+04 -1.513326854442891636e+04 -9.190828420137579087e+03 1.311055981432559747e+04 1.499209109088138757e+04 0.000000000000000000e+00 0.000000000000000000e+00
-2.387672424641651014e+04 1.595725594820744618e+03 1.522576723735406449e+04 -1.346694282443114207e+04 -1.513034043002586441e+04 -9.209210626799880629e+03 1.309522112685910179e+04 1.499124838850756169e+04 0.000000000000000000e+00 0.000000000000000000e+00
-2.386611002291561090e+04 1.574727783970656901e+03 1.522363417777203540e+04 -1.346437277869257923e+04 -1.512742832473027556e+04 -9.227565914097824134e+03 1.307985146257604356e+04 1.499042133565441509e+04 0.000000000000000000e+00 0.000000000000000000e+00
-2.150887574160275835e+04 -2.385546981153347588e+04 1.553707479333702622e+03 1.522151618225710263e+04 -1.346182030541249151e+04 -1.512453224579684866e+04 -9.245894257754402133e+03 1.306445083556115605e+04 1.498960992418739988e+04 0.000000000000000000e+00
-2.151215428061196144e+04 -2.384480366353017962e+04 1.532664718783780245e+03 1.521941326610659235e+04 -1.345928539533110961e+04 -1.512165221035936884e+04 -9.264195633616433042e+03 1.304901926002324035e+04 1.498881414585048151e+04 0.000000000000000000e+00
-2.151540060556410026e+04 -2.383411163024399866e+04 1.511599540312175805e+03 1.521732544449571287e+04 -1.345676803905836096e+04 -1.511878823543056387e+04 -9.282470017646950510e+03 1.303355675030267048e+04 1.498803399226686088e+04 0.000000000000000000e+00
-2.151861473657369061e+04 -2.382339376308950159e+04 1.490511982013820216e+03 1.521525273247750556e+04 -2.862066075609552627e+03 -1.345426822707288375e+04 -1.511594033790197136e+04 -9.300717385935991842e+03 1.301806332086508701e+04 1.498726945493750827e+04
-2.152179669389389892e+04 -2.381265011355936076e+04 1.469402082093094577e+03 1.521319514498273202e+04 -2.866740750236359872e+03 -1.345178594972039355e+04 -1.511310853454388962e+04 -9.318937714695970499e+03 1.300253898630026379e+04 1.498652052524225292e+04
-2.152494649788961033e+04 -2.380188073321976117e+04 1.448269878865317423e+03 1.521115269681986683e+04 -2.871422535641120248e+03 -1.344932119721749041e+04 -1.511029284200538859e+04 -9.337130980255204122e+03 1.298698376132954036e+04 1.498578719443991758e+04
-2.152806416903915670e+04 -2.379108567371569006e+04 1.427115410753026481e+03 1.520912540267493205e+04 -2.876111475350644923e+03 -1.344687395964979987e+04 -1.510749327681409522e+04 -9.355297159071678834e+03 1.297139766080159825e+04 1.498506945366781656e+04
-2.153114972795429276e+04 -2.378026498676765550e+04 1.405938716290143930e+03 1.520711327711150443e+04 -2.880807612845887434e+03 -1.344444422697325535e+04 -1.510470985537624983e+04 -9.373436227719046656e+03 1.295578069968943782e+04 1.498436729394203758e+04
-2.153420319535394083e+04 -2.376941872417029299e+04 1.384739834111851223e+03 1.520511633457061362e+04 -2.885510991556720001e+03 -1.344203198901175347e+04 -1.510194259397645510e+04 -9.391548162900313400e+03 1.294013289309225365e+04 1.498368070615787292e+04
-2.153722459208500004e+04 -2.375854693779654917e+04 1.363518802970284014e+03 1.520313458937063842e+04 -2.890221654870990733e+03 -1.343963723545681205e+04 -1.509919150877783068e+04 -9.409632941435309476e+03 1.292445425623992378e+04 1.498300968108894813e+04
-2.154021393910656479e+04 -2.374764967959056230e+04 1.342275661719838354e+03 1.520116805570728866e+04 -2.894939646128974800e+03 -1.343725995587481157e+04 -1.509645661582163302e+04 -9.427690540267123652e+03 1.290874480448649592e+04 1.498235420938792413e+04
-2.154317125750598279e+04 -2.373672700157509098e+04 1.321010449321977831e+03 1.519921674765354692e+04 -2.899665008626966937e+03 -1.343490013969474967e+04 -1.509373793102757554e+04 -9.445720936468478612e+03 1.289300455331054036e+04 1.498171428158644994e+04
-2.154609656848025406e+04 -2.372577895584475846e+04 1.299723204850913589e+03 1.519728067915947031e+04 -2.904397785607703554e+03 -1.343255777622142887e+04 -1.509103547019331199e+04 -9.463724107225538319e+03 1.287723351832189837e+04 1.498108988809619041e+04
-2.154898989335430451e+04 -2.371480559456911578e+04 1.278413967484792465e+03 1.519535986405234326e+04 -2.909138020278895965e+03 -1.343023285462667445e+04 -1.508834924899478392e+04 -9.481700029855730463e+03 1.286143171525244725e+04 1.498048101920672525e+04
-2.155185125356421486e+04 -2.370380696999382417e+04 1.257082776513959061e+03 1.519345431603628458e+04 -2.913885755780550426e+03 -1.342792536395118441e+04 -1.508567928298591687e+04 -9.499648681789371039e+03 1.284559915996706331e+04 1.497988766508745357e+04
-2.155468067067693119e+04 -2.369278313443606385e+04 1.235729671327442702e+03 -2.918641035229577028e+03 -1.342563529310977719e+04 -1.508302558759848034e+04 -9.517570040590409917e+03 1.282973586844784768e+04 1.497930981578642786e+04 0.000000000000000000e+00
-2.155747816636209245e+04 -2.368173414028659681e+04 1.214354691425359078e+03 -2.923403901673467772e+03 -1.342336263087978659e+04 -1.508038817814210415e+04 -9.535464083944298181e+03 1.281384185680684095e+04 1.497874746123154364e+04 0.000000000000000000e+00
-2.156024376242527069e+04 -2.367066004001104739e+04 1.192957876420083267e+03 -2.928174398126357573e+03 -1.342110736591591922e+04 -1.507776706980437302e+04 -9.553330789653211468e+03 1.279791714128657259e+04 1.497820059123008468e+04 0.000000000000000000e+00
-2.156297748077721917e+04 -2.365956088614684268e+04 1.171539266022479296e+03 -2.932952567547802118e+03 -1.341886948674131781e+04 -1.507516227765052463e+04 -9.571170135649792428e+03 1.278196173824742255e+04 1.497766919546801000e+04 0.000000000000000000e+00
-2.156567934345431786e+04 -2.364843673130478419e+04 1.150098900056047114e+03 -2.937738452844938365e+03 -1.341664898174692462e+04 -1.507257381662342232e+04 -9.588982099986991670e+03 1.276597566418081624e+04 1.497715326351128533e+04 0.000000000000000000e+00
-2.156834937260906736e+04 -2.363728762816762173e+04 1.128636818450689816e+03 -2.942532096885978262e+03 -1.341444583919264915e+04 -1.507000170154365151e+04 -9.606766660840610712e+03 1.274995893570743647e+04 1.497665278480654706e+04 0.000000000000000000e+00
-2.157098759050816443e+04 -2.362611362948310489e+04 1.107153061219745041e+03 1.518054408377658910e+04 -2.947333542491634034e+03 -1.341226004721983554e+04 -1.506744594710687670e+04 -9.624523796527582817e+03 1.273391156953605605e+04 1.497616774867253298e+04
-2.157359401954428540e+04 -2.361491478808908141e+04 1.085647668534253171e+03 1.517876115106196448e+04 -2.952142832408587310e+03 -1.341009159382703365e+04 -1.506490656789115019e+04 -9.642253485449073196e+03 1.271783358257489817e+04 1.497569814432103703e+04
-2.157616868223369966e+04 -2.360369115688052261e+04 1.064120680623846511e+03 -2.956960009362127494e+03 -1.340794046688898379e+04 -1.506238357834880844e+04 -9.659955706170214398e+03 1.270172499179908482e+04 1.497524396083380452e+04 0.000000000000000000e+00
-2.157871160119993510e+04 -2.359244278883002698e+04 1.042572137853525192e+03 -2.961785116013586503e+03 -1.340580665414948999e+04 -1.505987699281048117e+04 -9.677630437353562229e+03 1.268558581433799918e+04 1.497480518717610357e+04 0.000000000000000000e+00
-2.158122279918668937e+04 -2.358116973697983485e+04 1.021002080686381305e+03 -2.966618194971596495e+03 -1.340369014321225222e+04 -1.505738682548360521e+04 -9.695277657791802994e+03 1.266941606743886041e+04 1.497438181219355283e+04 0.000000000000000000e+00
-2.158370229906318855e+04 -2.356987205443929270e+04 9.994105496708909868e+02 -2.971459288812389332e+03 -1.340159092159803913e+04 -1.505491309045240087e+04 -9.712897346422367264e+03 1.265321576845790150e+04 1.497397382460745030e+04 0.000000000000000000e+00
-2.158615012380413827e+04 -2.355854979439768431e+04 9.777975855012300599e+02 -2.976308440031232294e+03 -1.339950897661729687e+04 -1.505245580167915250e+04 -9.730489482269840664e+03 1.263698493490668989e+04 4.378277392197875997e+03 1.497358121302397922e+04
-2.158856629650996183e+04 -2.354720301010531330e+04 9.561632289473556057e+02 -2.981165691100684853e+03 -1.339744429552059955e+04 -1.505001497300269330e+04 -9.748054044510658059e+03 1.262072358439991149e+04 4.375696954346052735e+03 1.497320396592743418e+04
-2.159095084040573784e+04 -2.353583175488416600e+04 9.345075208783740663e+02 -2.986031084438582639e+03 -1.504759061813823973e+04 -9.765591012450056951e+03 1.260443173467091219e+04 4.373125763619254940e+03 1.497284207167916065e+04 0.000000000000000000e+00
-2.159330377881516324e+04 -2.352443608213283369e+04 9.128305023026319986e+02 -2.990904662392161299e+03 -1.504518275067928880e+04 -9.783100365489419346e+03 1.258810940360764107e+04 4.370563772311727917e+03 1.497249551852618970e+04 0.000000000000000000e+00
-2.159562513519368076e+04 -2.351301604531313933e+04 8.911322143090224017e+02 -2.995786467273284870e+03 -1.504279138409514781e+04 -9.800582083176175729e+03 1.257175660919820257e+04 4.368010932638745544e+03 1.497216429459203391e+04 0.000000000000000000e+00
-2.159791493311397426e+04 -2.350157169795817390e+04 8.694126980967128020e+02 -3.000676541339418691e+03 -1.504041653173238592e+04 -9.818036145176381979e+03 1.255537336956481522e+04 4.365467196762239837e+03 1.497184838788206616e+04 0.000000000000000000e+00
-2.160017319626054086e+04 -2.349010309367061564e+04 8.476719949720915110e+02 -3.005574926793288796e+03 -1.503805820681411933e+04 -9.835462531280219991e+03 1.253895970295012376e+04 4.362932516785241205e+03 1.497154778628081476e+04 0.000000000000000000e+00
-2.160239994843877867e+04 -2.347861028612024529e+04 8.259101463465767665e+02 -3.010481665788272039e+03 -1.503571642244036593e+04 -9.852861221405648394e+03 1.252251562772672514e+04 4.360406844752129473e+03 1.497126247755482837e+04 0.000000000000000000e+00
-2.160459521356986806e+04 -2.346709332904950134e+04 8.041271937349641803e+02 -3.015396800421141506e+03 -1.503339119158751419e+04 -9.870232195591483105e+03 1.250604116238864663e+04 4.357890132646650272e+03 1.497099244934943999e+04 0.000000000000000000e+00
-2.160675901569318012e+04 -2.345555227626361011e+04 7.823231787608410741e+02 -3.020320372740348830e+03 -1.503108252710868328e+04 -9.887575434000071255e+03 1.248953632555650074e+04 4.355382332398236031e+03 1.497073768919256327e+04 0.000000000000000000e+00
-2.160889137896200555e+04 -2.344398718163998637e+04 7.604981431496894402e+02 -3.025252424739019261e+03 -1.502879044173354305e+04 -9.904890916923752229e+03 1.247300113597309428e+04 4.352883395876199756e+03 1.497049818449079612e+04 0.000000000000000000e+00
-2.161099232765044144e+04 -2.343239809912390047e+04 7.386521287324072773e+02 -3.030192998357056695e+03 -1.502651494806808842e+04 -9.922178624774769560e+03 1.245643561250867606e+04 4.350393274891415786e+03 1.497027392253240032e+04 0.000000000000000000e+00
-2.161306188614760686e+04 -2.342078508272532781e+04 7.167851774463188121e+02 -3.035142135480822162e+03 -1.502425605859472125e+04 -9.939438538091608280e+03 1.243983977415587469e+04 4.347911921199422068e+03 1.497006489048733965e+04 0.000000000000000000e+00
