1.230337000000000000e+09
1.230337010000000000e+09
1.230337020000000000e+09
1.230337030000000000e+09
1.230337040000000000e+09
1.230337050000000000e+09
1.230337060000000000e+09
1.230337070000000000e+09
1.230337080000000000e+09
1.230337090000000000e+09
1.230337100000000000e+09
1.230337110000000000e+09
1.230337120000000000e+09
1.230337130000000000e+09
1.230337140000000000e+09
1.230337150000000000e+09
1.230337160000000000e+09
1.230337170000000000e+09
1.230337180000000000e+09
1.230337190000000000e+09
1.230337200000000000e+09
1.230337210000000000e+09
1.230337220000000000e+09
1.230337230000000000e+09
1.230337240000000000e+09
1.230337250000000000e+09
1.230337260000000000e+09
1.230337270000000000e+09
1.230337280000000000e+09
1.230337290000000000e+09
1.230337300000000000e+09
1.230337310000000000e+09
1.230337320000000000e+09
1.230337330000000000e+09
1.230337340000000000e+09
1.230337350000000000e+09
1.230337360000000000e+09
1.230337370000000000e+09
1.230337380000000000e+09
1.230337390000000000e+09
1.230337400000000000e+09
1.230337410000000000e+09
1.230337420000000000e+09
1.230337430000000000e+09
1.230337440000000000e+09
1.230337450000000000e+09
1.230337460000000000e+09
1.230337470000000000e+09
1.230337480000000000e+09
1.230337490000000000e+09
1.230337500000000000e+09
1.230337510000000000e+09
1.230337520000000000e+09
1.230337530000000000e+09
1.230337540000000000e+09
1.230337550000000000e+09
1.230337560000000000e+09
1.230337570000000000e+09
1.230337580000000000e+09
1.230337590000000000e+09
1.230337600000000000e+09
1.230337610000000000e+09
1.230337620000000000e+09
1.230337630000000000e+09
1.230337640000000000e+09
1.230337650000000000e+09
1.230337660000000000e+09
1.230337670000000000e+09
1.230337680000000000e+09
1.230337690000000000e+09
1.230337700000000000e+09
1.230337710000000000e+09
1.230337720000000000e+09
1.230337730000000000e+09
1.230337740000000000e+09
1.230337750000000000e+09
1.230337760000000000e+09
1.230337770000000000e+09
1.230337780000000000e+09
1.230337790000000000e+09
1.230337800000000000e+09
1.230337810000000000e+09
1.230337820000000000e+09
1.230337830000000000e+09
1.230337840000000000e+09
1.230337850000000000e+09
1.230337860000000000e+09
1.230337870000000000e+09
1.230337880000000000e+09
1.230337890000000000e+09
1.230337900000000000e+09
1.230337910000000000e+09
1.230337920000000000e+09
1.230337930000000000e+09
1.230337940000000000e+09
1.230337950000000000e+09
1.230337960000000000e+09
1.230337970000000000e+09
1.230337980000000000e+09
1.230337990000000000e+09
