2.306280484645016227e+00 1.923883611692593920e+00 1.236332033112478301e+00 -2.983483124334428416e-01 3.609553813391836452e-01 1.585800922627550458e+00 3.815653778757163717e-01 2.343472449511681877e+00 -5.650537309527143837e-01 -1.752186807206881358e-01
2.304192773371956271e+00 1.926511245546615569e+00 1.234025657426113476e+00 -2.969523396686926109e-01 3.591673501976184180e-01 1.582841520932872559e+00 3.800837257208138920e-01 2.345053791017237987e+00 -5.681752685958566529e-01 -1.736276161655458394e-01
2.302100427758405399e+00 1.929136116037327930e+00 1.231719806255117344e+00 -2.955541386868224540e-01 3.573794653546147337e-01 1.579880354871352921e+00 3.785996688391444209e-01 2.346630330533891140e+00 -5.712931847195804602e-01 -1.720366600618299380e-01
2.300003457716259803e+00 1.931758210930211384e+00 1.229414490248756708e+00 -2.941537211379315897e-01 3.555917401816686696e-01 1.576917436539097883e+00 3.771132187551440862e-01 2.348202059187120216e+00 -5.744074692813690985e-01 -1.704458247317681419e-01
2.297901873176672272e+00 1.934377518000497620e+00 1.227109720051536623e+00 -2.927510986834630513e-01 3.538041880478771661e-01 1.573952778038718137e+00 3.756243870045638533e-01 2.349768968122292634e+00 -5.775181122557517810e-01 -1.688551224962578368e-01
2.295795684090005118e+00 1.936994025033217381e+00 1.224805506303147773e+00 -2.913462829961405709e-01 3.520168223198659185e-01 1.570986391479274547e+00 3.741331851344144588e-01 2.351331048504703425e+00 -5.806251036343486049e-01 -1.672645656748039666e-01
2.293684900425788875e+00 1.939607719823266407e+00 1.222501859638425836e+00 -2.899392857599071283e-01 3.502296563617181002e-01 1.568018288976227970e+00 3.726396247029131747e-01 2.352888291519628527e+00 -5.837284334259138507e-01 -1.656741665854577217e-01
2.291569532172678336e+00 1.942218590175461390e+00 1.220198790687300194e+00 -2.885301186698606135e-01 3.484427035349024759e-01 1.565048482651385520e+00 3.711437172794298522e-01 2.354440688372366086e+00 -5.868280916563801686e-01 -1.640839375447545601e-01
2.289449589338404145e+00 1.944826623904591489e+00 1.217896310074746857e+00 -2.871187934321924318e-01 3.466559771982010707e-01 1.562076984632843946e+00 3.696454744444314655e-01 2.355988230288280860e+00 -5.899240683689005449e-01 -1.624938908676523963e-01
2.287325081949730166e+00 1.947431808835486278e+00 1.215594428420743389e+00 -2.857053217641239984e-01 3.448694907076376159e-01 1.559103807054941671e+00 3.681449077894289879e-01 2.357530908512853962e+00 -5.930163536238938216e-01 -1.609040388674699007e-01
2.285196020052405519e+00 1.950034132803061260e+00 1.213293156340218504e+00 -2.842897153938442334e-01 3.430832574164064952e-01 1.556128962058198617e+00 3.666420289169226576e-01 2.359068714311721937e+00 -5.961049374990857741e-01 -1.593143938558244099e-01
2.283062413711125505e+00 1.952633583652385152e+00 1.210992504443006323e+00 -2.828719860604464453e-01 3.412972906747995805e-01 1.553152461789269356e+00 3.651368494403475773e-01 2.360601638970728278e+00 -5.991898100895542978e-01 -1.577249681425711425e-01
2.280924273009479197e+00 1.955230149238730730e+00 1.208692483333801082e+00 -2.814521455138648265e-01 3.395116038301358441e-01 1.550174318400884932e+00 3.636293809840193125e-01 2.362129673795962503e+00 -6.022709615077717071e-01 -1.561357740357400548e-01
2.278781608049907259e+00 1.957823817427636115e+00 1.206393103612105611e+00 -2.800302055148125024e-01 3.377262102266893051e-01 1.547194544051801790e+00 3.621196351830793803e-01 2.363652810113809455e+00 -6.053483818836475905e-01 -1.545468238414753614e-01
2.276634428953661970e+00 1.960414576094960948e+00 1.204094375872188927e+00 -2.786061778347176388e-01 3.359411232056169205e-01 1.544213150906747822e+00 3.606076236834412363e-01 2.365171039270992370e+00 -6.084220613645729969e-01 -1.529581298639734188e-01
2.274482745860746835e+00 1.963002413126939016e+00 1.201796310703034276e+00 -2.771800742556603248e-01 3.341563561048874753e-01 1.541230151136365523e+00 3.590933581417345977e-01 2.366684352634615074e+00 -6.114919901154618476e-01 -1.513697044054205798e-01
2.272326568929888158e+00 1.965587316420244202e+00 1.199498918688296500e+00 -2.757519065703097905e-01 3.323719222592098066e-01 1.538245556917163803e+00 3.575768502252522629e-01 2.368192741592211714e+00 -6.145581583187952335e-01 -1.497815597659321873e-01
2.270165908338478200e+00 1.968169273882038217e+00 -2.743216865818606243e-01 3.305878349999608612e-01 1.535259380431459375e+00 3.560581116118942679e-01 2.369696197551784955e+00 -6.176205561746630490e-01 -1.481937082434905961e-01 0.000000000000000000e+00
2.268000774282532550e+00 1.970748273430036335e+00 -2.728894261039700453e-01 3.288041076551153075e-01 1.532271633867327454e+00 3.545371539901140956e-01 2.371194711941859268e+00 -6.206791739008085118e-01 -1.466061621338835830e-01 0.000000000000000000e+00
2.265831176976644379e+00 1.973324302992556234e+00 -2.714551369606937326e-01 3.270207535491722051e-01 1.529282329418541808e+00 3.530139890588629425e-01 2.372688276211513347e+00 -6.237340017326677977e-01 -1.450189337306425630e-01 0.000000000000000000e+00
2.263657126653937368e+00 1.975897350508581063e+00 -2.700188309864231528e-01 3.252377860030851719e-01 1.526291479284527464e+00 3.514886285275361510e-01 2.374176881830434738e+00 -6.267850299234168920e-01 -1.434320353249811941e-01 0.000000000000000000e+00
2.261478633566022634e+00 1.978467403927813617e+00 -2.685805200258217784e-01 3.234552183341903864e-01 1.523299095670303860e+00 3.499610841159174757e-01 2.375660520288959798e+00 -6.298322487440105588e-01 -1.418454792057338154e-01 0.000000000000000000e+00
2.259295707982949875e+00 1.981034451210733627e+00 -2.671402159337616378e-01 3.216730638561344224e-01 1.520305190786429117e+00 3.484313675541246824e-01 2.377139183098115005e+00 -1.932042729991772401e+00 -6.328756484832257501e-01 -1.402592776592934964e-01
2.257108360193157193e+00 1.983598480328652602e+00 -2.656979305752592002e-01 3.198913358788036954e-01 1.517309776848947633e+00 3.468994905825538155e-01 2.378612861789664912e+00 -1.929445449061199191e+00 -6.359152194477043496e-01 -1.386734429695507254e-01
2.254916600503435564e+00 1.986159479263774674e+00 -2.642536758254128149e-01 3.181100477082533518e-01 3.453654649518259623e-01 2.380081547916156115e+00 -1.926845326687271598e+00 -6.389509519619966937e-01 -1.370879874178319024e-01 0.000000000000000000e+00
2.252720439238869332e+00 1.988717436009250106e+00 -2.628074635693379291e-01 3.163292126466346610e-01 3.438293024227299655e-01 2.381545233050954558e+00 -1.924242374458838833e+00 -6.419828363686002071e-01 -1.355029232828377783e-01 0.000000000000000000e+00
2.250519886742799791e+00 1.991272338569231914e+00 -2.613593057021039168e-01 3.145488439921247936e-01 3.422910147661696878e-01 2.383003908788297931e+00 -1.921636603975733326e+00 -6.450108630280062538e-01 -1.339182628405814479e-01 0.000000000000000000e+00
2.248314953376774561e+00 1.993824174958936268e+00 -2.599092141286705182e-01 3.127689550388551565e-01 3.407506137631068910e-01 2.384457566743334755e+00 -1.919028026848707880e+00 -6.480350223187383296e-01 -1.323340183643279266e-01 0.000000000000000000e+00
2.246105649520499181e+00 1.996372933204692890e+00 -2.584572007638233915e-01 3.109895590768402274e-01 3.392081112045077229e-01 2.385906198552163904e+00 -1.916416654699387934e+00 -1.307502021245313950e-01 0.000000000000000000e+00 0.000000000000000000e+00
2.243891985571793590e+00 1.998918601344007007e+00 -2.570032775321104968e-01 3.092106693919061677e-01 3.376635188912863184e-01 2.387349795871886560e+00 -1.913802499160211612e+00 -1.291668263887746637e-01 0.000000000000000000e+00 0.000000000000000000e+00
2.241673971946541499e+00 2.001461167425611976e+00 -2.555474563677783140e-01 3.074322992656201015e-01 3.361168486342507311e-01 2.388788350380644410e+00 -1.911185571874381539e+00 -1.275839034217071399e-01 0.000000000000000000e+00 0.000000000000000000e+00
2.239451619078645983e+00 2.004000619509527237e+00 -2.540897492147075609e-01 3.056544619752179504e-01 3.345681122540464791e-01 2.390221853777656058e+00 -1.908565884495802445e+00 -1.260014454849838206e-01 0.000000000000000000e+00 0.000000000000000000e+00
2.237224937419981519e+00 2.006536945667116711e+00 -2.526301680263495775e-01 3.038771707935341571e-01 3.330173215811016996e-01 2.391650297783274759e+00 -1.905943448689034536e+00 -1.244194648372035777e-01 0.000000000000000000e+00 0.000000000000000000e+00
2.234993937440349576e+00 2.009070133981141204e+00 -2.511687247656615996e-01 3.021004389889308528e-01 3.314644884555724702e-01 2.393073674139019946e+00 -1.903318276129234876e+00 -1.457551257828885394e+00 -1.228379737338478467e-01 0.000000000000000000e+00
2.232758629627424440e+00 2.011600172545815912e+00 9.961937955907101960e-01 -2.497054314050433377e-01 3.003242798252260815e-01 3.299096247272867433e-01 2.394491974607622531e+00 -1.900690378502103206e+00 -1.460679915853927646e+00 -1.212569844272192027e-01
2.230519024486712354e+00 2.014127049466870378e+00 9.989157354343255468e-01 -2.482402999262723065e-01 2.985487065616230229e-01 3.283527422556888342e-01 2.395905190973071086e+00 -1.898059767503828654e+00 -1.463807492044855829e+00 -1.196765091663802016e-01
2.228275132541499115e+00 2.016650752861596452e+00 1.001632749833121672e+00 -2.467733423204397369e-01 2.967737324526384946e-01 3.267938529097841882e-01 2.397313315040647819e+00 -1.895426454841030672e+00 -1.466933973428356186e+00 -1.180965601970917350e-01
2.226026964332808333e+00 2.019171270858914014e+00 1.004344830437520653e+00 -2.453045705878863225e-01 2.949993707480335070e-01 3.252329685680839799e-01 2.398716338636975642e+00 -1.892790452230711740e+00 -1.470059347033359831e+00 -1.165171497617518842e-01
2.223774530419347695e+00 2.021688591599419826e+00 1.007051968921580443e+00 -2.438339967381380480e-01 2.932256346927406554e-01 3.236701011185494914e-01 2.400114253610063475e+00 -1.890151771400195413e+00 -1.473183599891098261e+00 -1.149382900993347334e-01
2.221517841377464997e+00 1.009754156983031503e+00 -2.423616327898414913e-01 2.914525375267942309e-01 3.221052624585362123e-01 2.401507051829338657e+00 -1.887510424087075256e+00 -1.476306719035162418e+00 -1.133599934453286967e-01 0.000000000000000000e+00
2.219256907801096190e+00 1.012451386343314441e+00 -2.408874907706997359e-01 2.896800924852588333e-01 3.205384644947386619e-01 2.402894725185698466e+00 -1.884866422039158440e+00 -1.479428691501558646e+00 -1.117822720316756085e-01 0.000000000000000000e+00
2.216991740301724079e+00 1.015143648747620864e+00 -2.394115827174074229e-01 2.879083127981592050e-01 3.189697191431343781e-01 2.404277265591547419e+00 -1.882219777014411344e+00 -1.482549504328768863e+00 -1.102051380867095087e-01 0.000000000000000000e+00
2.214722349508323695e+00 1.017830935964927130e+00 -2.379339206755871350e-01 2.861372116904087881e-01 3.173990383289283512e-01 2.405654664980841240e+00 -1.879570500780904263e+00 -1.485669144557807186e+00 -1.086286038350950112e-01 0.000000000000000000e+00
2.212448746067316119e+00 1.020513239788032323e+00 -2.364545166997238379e-01 2.843668023817391144e-01 3.158264339864972348e-01 2.407026915309125048e+00 -1.876918605116754790e+00 -1.488787599232277659e+00 -1.070526814977665886e-01 0.000000000000000000e+00
1.023190552033597767e+00 -2.349733828531009316e-01 2.825970980866296944e-01 3.142519180593339456e-01 2.408394008553582211e+00 -1.874264101810077854e+00 -1.491904855398434204e+00 -1.054773832918671911e-01 0.000000000000000000e+00 0.000000000000000000e+00
1.025862864542181896e+00 -2.334905312077354134e-01 2.808281120142365750e-01 3.126755024999905430e-01 2.409755936713065871e+00 -1.871607002658921992e+00 -1.495020900105234363e+00 -1.039027214306869062e-01 0.000000000000000000e+00 0.000000000000000000e+00
1.028530169178278220e+00 -2.320059738443132347e-01 2.790598573683223393e-01 3.110971992700245492e-01 2.411112691808150466e+00 -1.868947319471222279e+00 -1.498135720404400573e+00 -1.023287081236022716e-01 0.000000000000000000e+00 0.000000000000000000e+00
1.031192457830351294e+00 -2.305197228521246311e-01 2.772923473471849976e-01 3.095170203399405517e-01 2.412464265881166803e+00 -1.866285064064738819e+00 -1.501249303350477238e+00 -1.007553555760147268e-01 0.000000000000000000e+00 0.000000000000000000e+00
1.033849722410876026e+00 -2.075921451833283804e+00 -2.290317903289991186e-01 2.755255951435879314e-01 3.079349776891362467e-01 2.413810650996243812e+00 -1.863620248267005453e+00 -1.504361636000886460e+00 -9.918267598928975914e-02 0.000000000000000000e+00
1.036501954856371643e+00 -2.078211182087033926e+00 -2.275421883812410451e-01 2.737596139446888954e-01 3.063510833058454841e-01 2.415151839239353393e+00 -1.860952883915273137e+00 -1.507472705415989100e+00 -9.761068156069584167e-02 0.000000000000000000e+00
1.039149147127438111e+00 -2.080497249717586872e+00 -2.260509291235642260e-01 2.719944169319701288e-01 3.047653491870819242e-01 2.416487822718345502e+00 -1.858282982856450660e+00 -1.510582498659139405e+00 -9.603938448334324585e-02 0.000000000000000000e+00
1.041791291208796100e+00 -2.082779643209350162e+00 -2.245580246790278567e-01 2.702300172811674672e-01 3.031777873385845812e-01 2.417818593562996998e+00 -1.855610556947057788e+00 -1.513691002796746066e+00 -9.446879694612328460e-02 0.000000000000000000e+00
1.044428379109318517e+00 -2.085058351060516291e+00 -2.230634871789705931e-01 2.684664281622000659e-01 3.015884097747593140e-01 2.419144143925043622e+00 -1.852935618053157540e+00 -1.516798204898324842e+00 -9.289893113364702804e-02 0.000000000000000000e+00
1.047060402862072026e+00 -2.087333361783127117e+00 -2.215673287629465193e-01 2.667036627391003445e-01 2.999972285186250365e-01 -1.850258178050312452e+00 -1.519904092036562515e+00 -9.132979922618451873e-02 0.000000000000000000e+00 0.000000000000000000e+00
1.049687354524348359e+00 -2.089604663903115611e+00 -2.200695615786593118e-01 2.649417341699431550e-01 2.984042556017558745e-01 -1.847578248823521507e+00 -1.523008651287371507e+00 -8.976141339960379273e-02 0.000000000000000000e+00 0.000000000000000000e+00
1.052309226177701174e+00 -2.091872245960368915e+00 -2.185701977818979014e-01 2.631806556067762259e-01 2.968095030642260435e-01 -1.844895842267165964e+00 -1.526111869729944726e+00 -8.819378582531008093e-02 0.000000000000000000e+00 0.000000000000000000e+00
1.054926009927987129e+00 -2.094136096508773637e+00 -2.170692495364709151e-01 2.614204401955492196e-01 2.952129829545526718e-01 -1.842210970284954064e+00 -1.529213734446818851e+00 -8.662692867018463583e-02 0.000000000000000000e+00 0.000000000000000000e+00
1.057537697905392982e+00 -2.096396204116270923e+00 -2.155667290141415338e-01 2.596611010760441207e-01 2.936147073296401788e-01 -1.839523644789864854e+00 -1.532314232523928510e+00 -8.506085409652418272e-02 0.000000000000000000e+00 0.000000000000000000e+00
1.060144282264478655e+00 -2.098652557364906190e+00 -2.140626483945626823e-01 2.579026513818047928e-01 2.920146882547237088e-01 -1.836833877704090900e+00 -1.535413351050663344e+00 -8.349557426197977417e-02 0.000000000000000000e+00 0.000000000000000000e+00
1.062745755184210106e+00 -2.100905144850888195e+00 -2.125570198652114162e-01 2.561451042400670342e-01 2.904129378033129538e-01 -1.834141680958986109e+00 -1.538511077119929737e+00 -8.193110131949631059e-02 0.000000000000000000e+00 0.000000000000000000e+00
-3.294097916567821915e-01 1.065342108867992188e+00 -2.103153955184636104e+00 -2.110498556213240007e-01 2.543884727716886895e-01 2.888094680571353656e-01 -1.831447066495004661e+00 -1.541607397828202553e+00 -8.036744741725150576e-02 0.000000000000000000e+00
-3.261877044562818129e-01 1.067933335543708839e+00 -2.105398976990832338e+00 -2.095411678658302412e-01 2.526327700910790397e-01 2.872042911060802006e-01 -1.828750046261648166e+00 -1.544702300275587969e+00 -7.880462469859528252e-02 0.000000000000000000e+00
-3.229676277666515549e-01 1.070519427463754836e+00 -2.107640198908476314e+00 -2.080309688092887022e-01 2.508780093061298566e-01 2.855974190481415098e-01 -1.826050632217408376e+00 -1.547795771565878109e+00 -7.724264530198890477e-02 0.000000000000000000e+00
-3.197495735428733665e-01 1.073100376905072428e+00 -2.109877609590937286e+00 -2.065192706698206759e-01 -4.670625794011263321e-01 2.491242035181444880e-01 2.839888639893624056e-01 -1.823348836329711231e+00 -1.550887798806610318e+00 -7.568152136094437321e-02
-3.165335537300617563e-01 1.075676176169184428e+00 -2.112111197706001864e+00 -2.050060856730455960e-01 -4.677715747035066096e-01 2.473713658217687461e-01 2.823786380437774968e-01 -1.820644670574859791e+00 -1.553978369109121793e+00 -7.412126500396379325e-02
-3.133195802634039517e-01 1.078246817582231731e+00 -2.114340951935935742e+00 -2.034914260520145901e-01 -4.684849305829036914e-01 2.456195093049207134e-01 2.807667533333573773e-01 -1.817938146937980282e+00 -1.557067469588611308e+00 -7.256188835447861807e-02
-3.101076650681008906e-01 1.080812293495005960e+00 -2.116566860977522335e+00 -2.019753040471459482e-01 -4.692026425289083646e-01 2.438686470487209657e-01 2.791532219879512833e-01 -1.815229277412961473e+00 -1.560155087364193838e+00 -7.100340353078904432e-02
-3.068978200593084349e-01 1.083372596282984990e+00 -2.118788913542128505e+00 -2.004577319061591201e-01 -4.699247060055408154e-01 2.421187921274232935e-01 2.775380561452305272e-01 -1.812518074002402280e+00 -1.563241209558958733e+00 -6.944582264600356047e-02
-3.036900571420781958e-01 1.085927718346367143e+00 -2.121007098355745857e+00 -1.989387218840093230e-01 -4.706511164512727774e-01 2.403699576083442035e-01 2.759212679506324872e-01 -1.809804548717552919e+00 -1.566325823300026787e+00 -6.788915780797820376e-02
-3.004843882112983033e-01 1.088477652110105165e+00 -2.123221404159047587e+00 -1.974182862428217333e-01 -4.713818692790494036e-01 2.386221565517941956e-01 2.743028695573028197e-01 -1.807088713578258732e+00 -1.569408915718608855e+00 -6.633342111925612239e-02
-2.972808251516353417e-01 1.091022390023942856e+00 -2.125431819707443548e+00 -1.958964372518263442e-01 -4.721169598763129138e-01 2.368754020110079572e-01 2.726828731260397820e-01 -1.804370580612907338e+00 -1.572490473950064249e+00 -6.477862467700719329e-02
-2.940793798374740087e-01 1.093561924562444387e+00 -2.127638333771121104e+00 -1.943731871872917683e-01 -4.728563836050226343e-01 2.351297070320740590e-01 2.710612908252364450e-01 -1.801650161858361132e+00 -1.575570485133952037e+00 -6.322478057296723741e-02
-2.908800641328598835e-01 1.096096248225033820e+00 -2.129840935135111302e+00 -1.928485483324600402e-01 -4.736001358016803664e-01 2.333850846538668977e-01 2.694381348308249047e-01 -1.798927469359916875e+00 -1.578648936414098980e+00 -6.167190089337795667e-02
-2.876828898914388644e-01 1.098625353536024196e+00 -2.132039612599327061e+00 -1.913225329774805861e-01 -4.743482117773511475e-01 2.316415479079755868e-01 2.678134173262184947e-01 -1.796202515171233305e+00 -1.581725814938646391e+00 -6.011999771892627409e-02
-2.844878689563993812e-01 1.101149233044656395e+00 -2.134234354978622239e+00 -1.897951534193445533e-01 -4.751006068176868435e-01 2.298991098186362880e-01 2.661871505022557205e-01 -1.793475311354283841e+00 -1.584801107860113634e+00 -5.856908312468400019e-02
-2.812950131604132209e-01 1.103667879325126888e+00 -2.136425151102844033e+00 -4.758573161829498521e-01 2.281577834026616569e-01 2.645593465571426384e-01 -1.790745869979297300e+00 -1.587874802335455415e+00 -5.701916918004755475e-02 0.000000000000000000e+00
-2.781043343255768518e-01 1.106181284976626822e+00 -2.138611989816880499e+00 -4.766183351080350850e-01 2.264175816693721754e-01 2.629300176963965119e-01 -1.788014203124699275e+00 -1.590946885526115961e+00 -5.547026794867759153e-02 0.000000000000000000e+00
-2.749158442633522492e-01 1.108689442623371102e+00 -2.140794859980711617e+00 -4.773836588024940597e-01 2.246785176205264856e-01 2.612991761327884133e-01 -1.785280322877057513e+00 -1.594017344598087638e+00 -5.392239148843878949e-02 0.000000000000000000e+00
-2.717295547745088302e-01 1.111192344914635921e+00 -2.142973750469464367e+00 -4.781532824505588808e-01 2.229406042502528329e-01 2.596668340862863800e-01 -1.782544241331023516e+00 -1.597086166721971789e+00 -5.237555185133949132e-02 0.000000000000000000e+00
-2.685454776490638351e-01 1.113689984524786514e+00 -2.145148650173462013e+00 -4.789272012111641108e-01 2.212038545449791782e-01 2.580330037839985158e-01 -1.779805970589276587e+00 -1.600153339073030034e+00 -5.082976108347156408e-02 0.000000000000000000e+00
-2.653636237489164218e-01 1.116182354828524348e+00 -2.147319549457111787e+00 -4.797054109276498446e-01 2.194682811468661732e-01 2.563976976749645087e-01 -1.777065523714045803e+00 -1.603218851307598891e+00 -4.928503168610672003e-02 0.000000000000000000e+00
-2.621840066741216724e-01 1.118669447202216505e+00 -2.149486434328220064e+00 -1.790663333993920692e-01 -4.804879052913180182e-01 2.177338976986691876e-01 2.547609275713819676e-01 -1.774322910923738617e+00 -1.606282685665558985e+00 -4.774137477246765543e-02
-2.590066372686821161e-01 1.121151255068042252e+00 -2.151649295175639409e+00 -1.775284837074321276e-01 -4.812746800920178480e-01 2.160007168282346846e-01 2.531227059353717834e-01 -1.771578145292307838e+00 -1.609344831802331566e+00 -4.619880282973153757e-02
-2.558315272790273598e-01 1.123627771201061165e+00 -2.153808120950979621e+00 -4.820657303877323718e-01 2.142687514905032287e-01 2.514830450220287839e-01 -1.768831238953961549e+00 -1.612405276912386221e+00 -4.465732787971969653e-02 0.000000000000000000e+00
-2.526586884405416233e-01 1.126098988401591727e+00 -2.155962900621303469e+00 -4.828610512112705422e-01 2.125380146323708197e-01 2.498419570933032019e-01 -1.766082204050652527e+00 -1.615464008195149237e+00 -4.311696193803682409e-02 0.000000000000000000e+00
-2.494881324775045373e-01 1.128564899495241525e+00 -2.158113623169180428e+00 -4.836606375702898752e-01 2.108085191926194202e-01 2.481994544179417228e-01 -1.763331052732017623e+00 -1.618521012855053787e+00 -4.157771701401104941e-02 0.000000000000000000e+00
-2.463198711030323562e-01 1.131025497332938334e+00 -2.160260277592730205e+00 -4.844644844473208201e-01 2.090802781018483159e-01 2.465555492714312236e-01 -1.760577797155319590e+00 -1.621576278101597657e+00 -4.003960511063377886e-02 0.000000000000000000e+00
-2.431539160190202831e-01 1.133480774790965206e+00 -2.162402852905682682e+00 -4.852725867997931264e-01 2.073533042824057260e-01 2.449102539359416242e-01 -1.757822449485392680e+00 -1.624629791149405866e+00 -2.584548597124783909e-01 -3.850263822449991047e-02
-2.399902789160832384e-01 1.135930724770991995e+00 -2.164541338137420556e+00 -4.860849395600589373e-01 2.056276106483199417e-01 2.432635807002676842e-01 -1.755065021894582911e+00 -1.627681539218280626e+00 -2.575280160102653704e-01 -3.696682834574781251e-02
-2.368289714734978790e-01 1.138375340200105557e+00 -2.166675722333035736e+00 -4.869015376354194347e-01 2.416155418597726590e-01 -1.752305526562691895e+00 -1.630731509533264179e+00 -2.566059515975900873e-01 -3.543218745799955188e-02 0.000000000000000000e+00
-2.336700053591440063e-01 1.140814614030843277e+00 -2.168805994553377747e+00 -4.877223759081488752e-01 2.399661497163304014e-01 -1.749543975676918217e+00 -1.633779689324692752e+00 -2.556886724808544731e-01 -3.389872753830096286e-02 0.000000000000000000e+00
-2.305133922294460014e-01 1.143248539241225492e+00 -2.170932143875102582e+00 -4.885474492355203480e-01 2.383154165782679912e-01 -1.746780381431800810e+00 -1.636826065828255183e+00 -2.547761846402964991e-01 -3.236646055706191710e-02 0.000000000000000000e+00
-2.273591437293146222e-01 1.145677108834783464e+00 -2.173054159390725992e+00 -4.893767524498308652e-01 2.366633547603081145e-01 -1.744014756029159674e+00 -1.639870626285047317e+00 -2.538684940299614223e-01 -3.083539847799647918e-02 0.000000000000000000e+00
-2.242072714920886611e-01 1.148100315840595353e+00 -2.175172030208671892e+00 -4.902102803584278412e-01 2.350099765835123589e-01 -1.741247111678039028e+00 -1.642913357941633290e+00 -2.529656065776724194e-01 -2.930555325806318695e-02 0.000000000000000000e+00
-2.210577871394771854e-01 1.150518153313316194e+00 -2.177285745453324761e+00 -4.910480277437340724e-01 2.333552943752228714e-01 -1.738477460594653135e+00 -1.645954248050099933e+00 -2.520675281850013882e-01 -2.777693684740552282e-02 0.000000000000000000e+00
-2.179107022814999184e-01 1.152930614333206094e+00 -2.179395294265077165e+00 -4.918899893632730502e-01 2.316993204690051544e-01 -1.735705815002320573e+00 -1.648993283868112503e+00 -2.511742647272397488e-01 -2.624956118929191312e-02 0.000000000000000000e+00
-2.147660285164302296e-01 1.155337692006166206e+00 -2.181500665800380823e+00 -4.927361599496964950e-01 2.300420672045906390e-01 -1.732932187131414281e+00 -1.652030452658974413e+00 -2.502858220533703548e-01 -2.472343822005642136e-02 0.000000000000000000e+00
-2.116237774307368757e-01 1.157739379463766705e+00 -2.183601849231799452e+00 -4.935865342108096687e-01 2.283835469278191477e-01 -1.730156589219299379e+00 -1.655065741691682968e+00 -2.494022059860381280e-01 -2.319857986903904254e-02 0.000000000000000000e+00
-2.084839605990249367e-01 1.160135669863278540e+00 -2.185698833748054071e+00 -4.944411068295970768e-01 2.267237719905809690e-01 -1.727379033510275663e+00 -1.658099138240985981e+00 -2.485234223215218585e-01 -2.167499805852612579e-02 0.000000000000000000e+00
-2.053465895839786948e-01 1.162526556387704524e+00 -2.187791608554076284e+00 -4.952998724642501127e-01 2.250627547507594306e-01 -1.724599532255521428e+00 -1.661130629587439511e+00 -2.476494768297057281e-01 -2.015270470369088726e-02 0.000000000000000000e+00
