7.329416937949508437e+00
7.333029067265013801e+00
7.335742756133996068e+00
7.337557419610602594e+00
7.338472576533908942e+00
7.338487850218842645e+00
7.337602969461022973e+00
7.335817768698732699e+00
7.333132187992884354e+00
7.329546272818341812e+00
7.325060174153728454e+00
7.319674148659164103e+00
7.313388559433386504e+00
7.306203876457731283e+00
7.298120677245704790e+00
7.289139647424137003e+00
7.279261581354133703e+00
7.268487382462644142e+00
7.256818063191705193e+00
7.244254744466998019e+00
7.230798654645975709e+00
7.216451128321302200e+00
7.201213605277556162e+00
7.185087629772496598e+00
7.168074850476997106e+00
7.150177020960428287e+00
7.131396000168930271e+00
7.111733752641473671e+00
7.091192348139458979e+00
7.069773961127629569e+00
7.047480870320791624e+00
7.024315458450582916e+00
7.000280212296012827e+00
6.975377722719072082e+00
6.949610684748469325e+00
6.922981898007586565e+00
6.895494267465172911e+00
6.867150804371739525e+00
6.837954626621923993e+00
6.807908958587542969e+00
6.777017129949383545e+00
6.745282574517919016e+00
6.712708829222417961e+00
6.679299533272025968e+00
6.645058426855104727e+00
6.609989349701454131e+00
6.574096239431725053e+00
6.537383130784983010e+00
6.499854155840762537e+00
6.461513544913203511e+00
6.422365627710594715e+00
6.382414834308757889e+00
6.341665695589560059e+00
6.300122843224812641e+00
6.257791009320812670e+00
6.214675025821124521e+00
6.170779823952864618e+00
6.126110433642083741e+00
6.080671983017587046e+00
6.034469697817908873e+00
5.987508900807024581e+00
5.939795011075625908e+00
5.891333543389801086e+00
5.842130107487249369e+00
5.792190407487705528e+00
5.741520241332183083e+00
5.690125500292014138e+00
5.638012168590228690e+00
5.585186323012699461e+00
5.531654132508727173e+00
5.477421857557714269e+00
5.422495849563999215e+00
5.366882549929330892e+00
5.310588489186377714e+00
5.253620286110768589e+00
5.195984646949586505e+00
5.137688364614245273e+00
5.078738318080924685e+00
5.019141471661630050e+00
4.958904874372266569e+00
4.898035659245841167e+00
4.836541042609271202e+00
4.774428323251875383e+00
4.711704881579077409e+00
4.648378178760641966e+00
4.584455755818569678e+00
4.519945232733367568e+00
4.454854307467541297e+00
4.389190755005502709e+00
4.322962426321590890e+00
4.256177247375397599e+00
4.188843218146783620e+00
4.120968411919958996e+00
4.052560974851156850e+00
3.983629125833442863e+00
3.914181156337643852e+00
3.844225430022780721e+00
3.773770382004929758e+00
3.702824517968560603e+00
3.631396413243522137e+00
