1.347762149937805853e+00 -1.908652320272077985e+00 2.394130836158630871e+00 -8.109323828219874297e-01 5.826080057630439457e-01 2.451130112958221918e+00 -8.260895896167066432e-01 -8.661907245473948747e-01 -3.035133754331688305e+00 2.920257157958373040e-01
1.351997683279319462e+00 -1.904962016501684507e+00 2.396796759979033187e+00 -8.063605694471185359e-01 5.873466764823767061e-01 2.454008899183828252e+00 -8.216359988112439394e-01 -8.617971099793223511e-01 -3.033927563405749872e+00 2.966305829848290831e-01
1.356230506523356638e+00 -1.901267676065703460e+00 2.399457896479220587e+00 -8.017870144343028915e-01 5.920839562546963419e-01 2.456882734931327583e+00 -8.171807124454104621e-01 -8.574015721639874910e-01 -3.032715069168206323e+00 3.012347731789687955e-01
1.360460610587264085e+00 -1.897569306725152449e+00 2.402114240025695846e+00 -7.972117281234720743e-01 5.968198343021058339e-01 2.459751613750697619e+00 -8.127237394752158117e-01 -8.530041207708652928e-01 -3.031496273916367556e+00 3.058382765450439189e-01
1.364687986392752794e+00 -1.893866916249473231e+00 2.404765784992631161e+00 -7.926347208584475501e-01 6.015542998509841865e-01 2.462615529200165021e+00 -8.082650888598197358e-01 -8.486047654742818747e-01 -3.030271179959711958e+00 3.104410832516931729e-01
1.368912624865914029e+00 -1.890160512416507954e+00 2.407412525761878364e+00 -7.880560029869103644e-01 6.062873421320132961e-01 2.465474474846214736e+00 -8.038047695615184729e-01 -8.442035159533873845e-01 -3.029039789619880629e+00 3.150431834694266131e-01
1.373134516937241978e+00 -1.886450103012493162e+00 2.410054456722980909e+00 -7.834755848603768280e-01 6.110189503802085920e-01 2.468328444263615751e+00 -7.993427905457309857e-01 -8.398003818921372376e-01 -3.027802105230680940e+00 3.196445673706478918e-01
1.377353653541653733e+00 -1.882735695832038036e+00 2.412691572273188534e+00 -7.788934768341696513e-01 6.157491138349482362e-01 2.471177431035431304e+00 -7.948791607809833071e-01 -8.353953729792658045e-01 -3.026558129138079867e+00 3.242452251296756294e-01
1.381570025618504838e+00 -1.879017298678109515e+00 2.415323866817462584e+00 -7.743096892673901888e-01 6.204778217400007678e-01 2.474021428753033991e+00 -7.904138892388936632e-01 -8.309884989082634288e-01 -3.025307863700200439e+00 3.288451469227628432e-01
1.385783624111615486e+00 -1.875294919362018531e+00 2.417951334768494664e+00 -7.697242325228917936e-01 6.252050633435559668e-01 2.476860431016124853e+00 -7.859469848941588177e-01 -8.265797693773544452e-01 -3.024051311287322630e+00 3.334443229281202070e-01
1.389994439969283402e+00 -1.871568565703400910e+00 2.420573970546709308e+00 -7.651371169672513961e-01 6.299308278982510556e-01 2.479694431432747592e+00 -7.814784567245377511e-01 -8.221691940894705342e-01 -3.022788474281874027e+00 3.380427433259350911e-01
1.394202464144307596e+00 -1.867838245530205166e+00 2.423191768580284400e+00 -7.605483529707423029e-01 6.346551046612030067e-01 2.482523423619306779e+00 -7.770083137108372284e-01 -8.177567827522318478e-01 -3.021519355078435609e+00 3.426403982983943775e-01
1.398407687594008575e+00 -1.864103966678672508e+00 2.425804723305156063e+00 -7.559579509073076631e-01 6.393778828940351877e-01 2.485347401200578954e+00 -7.725365648368986982e-01 -8.133425450779196986e-01 -3.020243956083731973e+00 3.472372780297044437e-01
1.402610101280243660e+00 -1.860365736993325081e+00 2.428412829165032427e+00 -7.513659211545311578e-01 6.440991518629063384e-01 2.488166357809734386e+00 -7.680632190895815281e-01 -8.089264907834543550e-01 -3.018962279716629560e+00 3.518333727061129790e-01
1.406809696169433188e+00 -1.856623564326948417e+00 2.431016080611408725e+00 -7.467722740936115766e-01 6.488189008385409906e-01 2.490980287088351730e+00 -7.635882854587492385e-01 -8.045086295903725038e-01 -3.017674328408140205e+00 3.564286725159293567e-01
1.411006463232572949e+00 -1.852877456540572121e+00 2.433614472103568183e+00 -7.421770201093325081e-01 6.535371190962561139e-01 2.493789182686428241e+00 -7.591117729372544032e-01 -8.000889712248017149e-01 -3.016380104601406487e+00 3.610231676495461173e-01
1.415200393445259719e+00 -1.849127421503462321e+00 2.436207998108606443e+00 -7.375801695900382482e-01 6.582537959159918683e-01 2.496593038262404640e+00 -7.546336905209238832e-01 -7.956675254174399026e-01 -3.015079610751708383e+00 3.656168482994603952e-01
1.419391477787707689e+00 -1.845373467093093911e+00 -7.329817329276023807e-01 6.629689205823391385e-01 2.499391847483175777e+00 -7.501540472085438394e-01 -7.912443019035273473e-01 -3.013772849326459724e+00 3.702097046602934594e-01 0.000000000000000000e+00
1.423579707244770898e+00 -1.841615601195148777e+00 -7.283817205174043519e-01 6.676824823845699530e-01 2.502185604024107501e+00 -7.456728520018460760e-01 -7.868193104228281554e-01 -3.012459822805198861e+00 3.748017269288144160e-01 0.000000000000000000e+00
1.427765072805957658e+00 -1.837853831703484264e+00 -7.237801427582974956e-01 6.723944706166632423e-01 2.504974301569052209e+00 -7.411901139054911658e-01 -7.823925607196022813e-01 -3.011140533679590003e+00 3.793929053039577504e-01 0.000000000000000000e+00
1.431947565465458094e+00 -1.834088166520130958e+00 -7.191770100525857190e-01 6.771048745773367017e-01 2.507757933810366602e+00 -7.367058419270559044e-01 -7.779640625425856548e-01 -3.009814984453421882e+00 3.839832299868480292e-01 0.000000000000000000e+00
1.436127176222157242e+00 -1.830318613555270035e+00 -7.145723328059935264e-01 6.818136835700746579e-01 2.510536494448928568e+00 -7.322200450770177671e-01 -7.735338256449642014e-01 -3.008483177642605089e+00 3.885726911808184414e-01 0.000000000000000000e+00
1.440303896079657253e+00 -1.826545180727214612e+00 -7.099661214276373755e-01 6.865208869031547145e-01 2.513309977194146949e+00 -7.277327323687384775e-01 -7.691018597843503057e-01 2.007378383464167193e+00 -3.007145115775158750e+00 3.931612790914321143e-01
1.444477716046295379e+00 -1.822767875962398865e+00 -7.053583863300003642e-01 6.912264738896791716e-01 2.516078375763984187e+00 -7.232439128184510180e-01 -7.646681747227593862e-01 2.010908709689834595e+00 -3.005800801391222077e+00 3.977489839265039295e-01
1.448648627135169953e+00 -1.818986707195363373e+00 -7.007491379289049194e-01 6.959304338476025587e-01 -7.187535954452454190e-01 -7.602327802265880230e-01 2.014434869064723355e+00 -3.004450237043042371e+00 4.023357958961213954e-01 0.000000000000000000e+00
1.452816620364150380e+00 -1.815201682368729807e+00 -6.961383866434823764e-01 7.006327560997599457e-01 -7.142617892710521055e-01 -7.557956860665870913e-01 2.017956853747788770e+00 -3.003093425294974583e+00 4.069217052126645751e-01 0.000000000000000000e+00
1.456981686755904004e+00 -1.811412809433195603e+00 -6.915261428961473333e-01 7.053334299738950319e-01 -7.097685033206273530e-01 -7.513569020178414437e-01 2.021474655905878937e+00 -3.001730368723475095e+00 4.115067020908286799e-01 0.000000000000000000e+00
1.461143817337914541e+00 -1.807620096347512417e+00 -6.869124171125705614e-01 7.100324448026911206e-01 -7.052737466215402984e-01 -7.469164378597430431e-01 2.024988267713759171e+00 -3.000361069917110157e+00 4.160907767476437757e-01 0.000000000000000000e+00
1.465303003142499172e+00 -1.803823551078468812e+00 -6.822972197216488066e-01 7.147297899237965435e-01 -7.007775282041552867e-01 -7.424743033759699795e-01 2.028497681354124005e+00 4.206739194024960993e-01 0.000000000000000000e+00 0.000000000000000000e+00
1.469459235206830972e+00 -1.800023181600877153e+00 -6.776805611554805875e-01 7.194254546798555250e-01 -6.962798571016197702e-01 -7.380305083544600464e-01 2.032002889017622049e+00 4.252561202771493742e-01 0.000000000000000000e+00 0.000000000000000000e+00
1.473612504572958226e+00 -1.796218995897557846e+00 -6.730624518493358854e-01 7.241194284185353824e-01 -6.917807423498486541e-01 -7.335850625873904240e-01 2.035503882902875095e+00 4.298373695957654061e-01 0.000000000000000000e+00 0.000000000000000000e+00
1.477762802287821753e+00 -1.792411001959317574e+00 -6.684429022416287225e-01 7.288117004925552811e-01 -6.872801929875070881e-01 -7.291379758711497017e-01 2.039000655216490543e+00 4.344176575849248434e-01 0.000000000000000000e+00 0.000000000000000000e+00
1.481910119403277992e+00 -1.788599207784941525e+00 -6.638219227738909600e-01 7.335022602597150998e-01 -6.827782180559994751e-01 -7.246892580063172273e-01 2.042493198173091162e+00 4.389969744736484936e-01 0.000000000000000000e+00 0.000000000000000000e+00
1.486054446976117882e+00 -1.784783621381169416e+00 -6.591995238907434329e-01 7.381910970829237417e-01 -6.782748265994523740e-01 -7.202389187976393492e-01 2.045981503995328410e+00 -2.565877458121841759e+00 4.435753104934182511e-01 0.000000000000000000e+00
1.490195776068084621e+00 -1.780964250762685941e+00 -2.869135207408751942e+00 -6.545757160398689711e-01 7.428782003302266679e-01 -6.737700276646997333e-01 -7.157869680540029922e-01 2.049465564913902860e+00 -2.563160798381322270e+00 4.481526558781978031e-01
1.494334097745896095e+00 -1.777141103952099677e+00 -2.867055258115267957e+00 -6.499505096719839781e-01 7.475635593748359842e-01 -6.692638303012690137e-01 -7.113334155884150078e-01 2.052945373167584631e+00 -2.560438831212693778e+00 4.527290008644536679e-01
1.498469403081260420e+00 -1.773314188979926431e+00 -2.864969195291530824e+00 -6.453239152408103418e-01 7.522471635951563096e-01 -6.647562435613647569e-01 -7.068782712179753069e-01 2.056420921003228930e+00 -2.557711562223915269e+00 4.573043356911757340e-01
1.502601683150902367e+00 -1.769483513884578585e+00 -2.862877023316376501e+00 -6.406959432030500112e-01 7.569290023748159735e-01 -6.602472764998551513e-01 -7.024215447638558762e-01 2.059892200675803142e+00 -2.554978997033026999e+00 4.618786505998987435e-01
1.506730929036576905e+00 -1.765649086712343996e+00 -2.860778746581761567e+00 -6.360666040183546865e-01 7.616090651026934388e-01 -6.557369381742579328e-01 -6.979632460512746883e-01 2.063359204448397932e+00 -2.552241141268142943e+00 4.664519358347229416e-01
1.510857131825093402e+00 -2.858674369492757883e+00 -6.314359081492995074e-01 7.662873411729455020e-01 -6.512252376447220659e-01 -6.935033849094730529e-01 2.066821924592253445e+00 -2.549498000567435696e+00 4.710241816423347272e-01 0.000000000000000000e+00
1.514980282608330953e+00 -2.856563896467543717e+00 -6.268038660613548529e-01 7.709638199850360474e-01 -6.467121839740171962e-01 -6.890419711716911921e-01 2.070280353386771743e+00 -2.546749580579125816e+00 4.755953782720274692e-01 0.000000000000000000e+00
1.519100372483261907e+00 -2.854447331937395749e+00 -6.221704882228588085e-01 7.756384909437650244e-01 -6.421977862275152216e-01 -6.845790146751441485e-01 2.073734483119542560e+00 -2.543995886961479158e+00 4.801655159757231561e-01 0.000000000000000000e+00
1.523217392551969862e+00 -2.852324680346673969e+00 -6.175357851049891877e-01 7.803113434592959807e-01 -6.376820534731774126e-01 -6.801145252609988034e-01 2.077184306086359289e+00 -2.541236925382786449e+00 4.847345850079921026e-01 0.000000000000000000e+00
1.527331333921669421e+00 -2.850195946152821236e+00 -6.128997671817359993e-01 7.849823669471825971e-01 -6.331649947815390922e-01 -6.756485127743486752e-01 2.080629814591237192e+00 -2.538472701521356623e+00 4.893025756260741543e-01 0.000000000000000000e+00
-2.848061133826351732e+00 -6.082624449298744684e-01 7.896515508283999951e-01 -6.286466192256952024e-01 -6.711809870641916032e-01 2.084071000946439156e+00 -2.535703221065511048e+00 4.938694780899008929e-01 0.000000000000000000e+00 0.000000000000000000e+00
-2.845920247850834528e+00 -6.036238288289350606e-01 7.943188845293704947e-01 -6.241269358812842061e-01 -6.667119579834035470e-01 2.087507857472485906e+00 -2.532928489713563103e+00 4.984352826621137877e-01 0.000000000000000000e+00 0.000000000000000000e+00
-2.843773292722897583e+00 -5.989839293611785020e-01 7.989843574819931460e-01 -6.196059538264737654e-01 -6.622414353887169369e-01 2.090940376498181319e+00 -2.530148513173819502e+00 5.029999796080879548e-01 0.000000000000000000e+00 0.000000000000000000e+00
-2.841620272952205539e+00 -5.943427570115656922e-01 8.036479591236694864e-01 -6.150836821419468636e-01 -6.577694291406945837e-01 2.094368550360631520e+00 -2.527363297164557654e+00 5.075635591959501980e-01 0.000000000000000000e+00 0.000000000000000000e+00
-2.839461193061461053e+00 -1.394332019846304949e+00 -5.897003222677316137e-01 8.083096788973351821e-01 -6.105601299108849300e-01 -6.532959491037072519e-01 2.097792371405261314e+00 -2.524572847414025656e+00 5.121260116966017684e-01 0.000000000000000000e+00
-2.837296057586387477e+00 -1.390154821933376805e+00 -5.850566356199565776e-01 8.129695062514847859e-01 -6.060353062189551832e-01 -6.488210051459091243e-01 2.101211831985835943e+00 -2.521777169660423645e+00 5.166873273837384595e-01 0.000000000000000000e+00
-2.835124871075725306e+00 -1.385974717845460669e+00 -5.804117075611384680e-01 8.176274306402007142e-01 -6.015092201542933115e-01 -6.443446071392132657e-01 2.104626924464477078e+00 -2.518976269651898470e+00 5.212474965338710353e-01 0.000000000000000000e+00
-2.832947638091221965e+00 -1.381791716078410337e+00 -5.757655485867659850e-01 8.222834415231831118e-01 -5.969818808074911498e-01 -6.398667649592688633e-01 2.108037641211690794e+00 -2.516170153146530808e+00 5.258065094263476569e-01 0.000000000000000000e+00
-2.830764363207618040e+00 -1.377605825133808581e+00 -5.711181691948890027e-01 8.269375283657741660e-01 -5.924532972715793600e-01 -6.353874884854348037e-01 2.111443974606370677e+00 -2.513358825912324956e+00 5.303643563433710906e-01 0.000000000000000000e+00
-2.828575051012645503e+00 -1.373417053518954267e+00 -5.664695798860932552e-01 8.315896806389898588e-01 -5.879234786420142189e-01 2.114845917035837353e+00 -2.510542293727199059e+00 5.349210275700242434e-01 0.000000000000000000e+00 0.000000000000000000e+00
-2.826379706107009948e+00 -1.369225409746847255e+00 -5.618197911634699171e-01 8.362398878195442808e-01 -5.833924340166619649e-01 2.118243460895839370e+00 -2.507720562378970897e+00 5.394765133942865942e-01 0.000000000000000000e+00 0.000000000000000000e+00
-2.824178333104390592e+00 -1.365030902336173302e+00 -5.571688135325904012e-01 8.408881393898806067e-01 -5.788601724957836980e-01 2.121636598590585177e+00 -2.504893637665354778e+00 5.440308041070575085e-01 0.000000000000000000e+00 0.000000000000000000e+00
-2.821970936631423843e+00 -1.360833539811288295e+00 -5.525166575014761605e-01 8.455344248381968519e-01 -5.743267031820213919e-01 2.125025322532755556e+00 -2.502061525393939778e+00 5.485838900021764442e-01 0.000000000000000000e+00 0.000000000000000000e+00
-2.819757521327693528e+00 -1.356633330702206708e+00 -5.478633335805720428e-01 8.501787336584742949e-01 -5.697920351803814620e-01 2.128409625143524941e+00 -2.499224231382192851e+00 5.531357613764428249e-01 0.000000000000000000e+00 0.000000000000000000e+00
-2.817538091845726456e+00 -1.352430283544581391e+00 -5.432088522827187571e-01 8.548210553505054543e-01 -5.652561775982213321e-01 2.131789498852581399e+00 -2.496381761457432624e+00 5.576864085296372453e-01 0.000000000000000000e+00 0.000000000000000000e+00
-2.815312652850981756e+00 -1.348224406879694248e+00 -5.385532241231247852e-01 8.594613794199216228e-01 -5.607191395452334470e-01 2.135164936098142618e+00 -2.493534121456833841e+00 5.622358217645433420e-01 0.000000000000000000e+00 0.000000000000000000e+00
-3.158664016011507147e+00 -2.813081209021835782e+00 -1.344015709254436919e+00 -5.338964596193381817e-01 8.640996953782212886e-01 -5.561809301334309508e-01 2.138535929326980778e+00 -2.490681317227405156e+00 5.667839913869660018e-01 0.000000000000000000e+00
-3.159093914523229518e+00 -2.810843765049580334e+00 -1.339804199221299008e+00 -5.292385692912193740e-01 8.687359927427953377e-01 -5.516415584771321434e-01 2.141902470994435870e+00 -2.487823354625982919e+00 5.713309077057544538e-01 0.000000000000000000e+00
-3.159517067375428923e+00 -2.808600325638409778e+00 -1.335589885338352767e+00 -5.245795636609125179e-01 8.733702610369590280e-01 -5.471010336929462703e-01 2.145264553564438348e+00 -2.484960239519223624e+00 5.758765610328213658e-01 0.000000000000000000e+00
-3.159933472552852063e+00 -2.806350895505408172e+00 -1.331372776169234884e+00 -5.199194532528189638e-01 2.984337771645794390e+00 8.780024897899759706e-01 -5.425593648997579788e-01 2.148622169509526891e+00 -2.482091977783586145e+00 5.804209416831646040e-01
-3.160343128054615036e+00 -2.804095479380545264e+00 -1.327152880283137160e+00 -5.152582485935676138e-01 2.982957151688491404e+00 8.826326685370855518e-01 -5.380165612187124413e-01 2.151975311310867944e+00 -2.479218575305327299e+00 5.849640399748867736e-01
-3.160746031894209551e+00 -2.801834082006664950e+00 -1.322930206254787189e+00 -5.105959602119891638e-01 2.981569958413525345e+00 8.872607868195353520e-01 -5.334726317732008116e-01 2.155323971458276588e+00 -2.476340037980487185e+00 5.895058462292168677e-01
-3.161142182099516251e+00 -2.799566708139471505e+00 -1.318704762664433705e+00 -5.059325986390864616e-01 2.980176194680464796e+00 8.918868341846021286e-01 -5.289275856888441263e-01 2.158668142450230309e+00 -2.473456371714878532e+00 5.940463507705302515e-01
-3.161531576712824254e+00 -2.797293362547527806e+00 -1.314476558097835479e+00 -5.012681744080079715e-01 2.978775863364865106e+00 8.965108001856240127e-01 -5.243814320934805373e-01 2.162007816793896087e+00 -2.470567582424080477e+00 5.985855439263699784e-01
-3.161914213790839145e+00 -2.795014050012237572e+00 -1.310245601146241556e+00 -4.966026980540192426e-01 2.977368967358262619e+00 9.011326743820256002e-01 -5.198341801171472154e-01 2.165342987005141495e+00 -2.467673676033421692e+00 6.031234160274658862e-01
-3.162290091404704739e+00 -2.792728775327840474e+00 -1.306011900406378157e+00 -4.919361801144747637e-01 2.975955509568177781e+00 9.057524463393465952e-01 -5.152858388920681376e-01 2.168673645608558687e+00 -2.464774658477969727e+00 6.076599574077569121e-01
-3.162659207640007075e+00 -2.790437543301403700e+00 -1.301775464480436018e+00 -4.872686311287917071e-01 2.974535492918103596e+00 9.103701056292700100e-01 -5.107364175526381000e-01 2.171999785137485706e+00 -2.461870535702529672e+00 6.121951584044121875e-01
-3.163021560596793069e+00 -2.788140358752803305e+00 -1.297536301976051520e+00 -4.826000616384195085e-01 2.973108920347495854e+00 9.149856418296469229e-01 -5.061859252354067307e-01 2.175321398134015372e+00 -2.458961313661618409e+00 6.167290093578476906e-01
-3.163377148389588278e+00 -2.785837226514726872e+00 -1.293294421506294700e+00 -4.779304821868146091e-01 2.971675794811780680e+00 9.195990445245266764e-01 -5.016343710790654997e-01 2.178638477149027253e+00 -2.456046998319468599e+00 6.212615006117526706e-01
-3.163725969147403116e+00 -2.783528151432653974e+00 -1.289049831689652592e+00 -4.732599033194109794e-01 2.970236119282332776e+00 9.242103033041824123e-01 -4.970817642244307333e-01 2.181951014742197437e+00 -2.453127595650003823e+00 6.257926225131047460e-01
-3.164068021013751508e+00 -2.781213138364849957e+00 -1.284802541150015021e+00 -4.685883355835926412e-01 2.968789896746483858e+00 9.288194077651388270e-01 -4.925281138144300686e-01 2.185259003482021178e+00 -2.450203111636840347e+00 6.303223654121941077e-01
-3.164403302146660213e+00 -2.778892192182356169e+00 -1.280552558516658390e+00 2.967337130207511997e+00 9.334263475102004826e-01 -4.879734289940862446e-01 2.188562435945832885e+00 -2.447273552273268038e+00 6.348507196626425042e-01 0.000000000000000000e+00
-3.164731810718689697e+00 -2.776565317768980190e+00 -1.276299892424233029e+00 2.965877822684632736e+00 9.380311121484778969e-01 -4.834177189105033912e-01 2.191861304719822989e+00 -2.444338923562241472e+00 6.393776756214242241e-01 0.000000000000000000e+00
-3.165053544916940798e+00 -2.774232520021282955e+00 -1.272044551512745869e+00 2.964411977212995986e+00 9.426336912954145220e-01 -4.788609927128505972e-01 2.195155602399055716e+00 -2.441399231516370172e+00 6.439032236488863026e-01 0.000000000000000000e+00
-3.165368502943071594e+00 -2.771893803848572535e+00 -1.267786544427546902e+00 2.962939596843684686e+00 9.472340745728158318e-01 -4.743032595523482553e-01 2.198445321587493950e+00 -2.438454482157908831e+00 6.484273541087692827e-01 0.000000000000000000e+00
-3.165676683013309400e+00 -2.769549174172892592e+00 -1.263525879819312303e+00 2.961460684643701047e+00 9.518322516088739693e-01 -4.697445285822519634e-01 2.201730454898011224e+00 -2.435504681518739112e+00 6.529500573682276432e-01 0.000000000000000000e+00
-3.165978082922961789e+00 -2.767198635174044075e+00 -1.259262564912859039e+00 2.959975244000403016e+00 9.564282131745653892e-01 -4.651848075978033403e-01 2.205010995257659534e+00 -2.432549834175124381e+00 6.574713244912991916e-01 0.000000000000000000e+00
-3.166272701787067767e+00 -2.764842193307059048e+00 -1.254996611227296111e+00 -4.358605597171573698e-01 2.958483277404711398e+00 9.610219466417952994e-01 -4.606241084720552048e-01 2.208286934687674563e+00 -2.429589949104041136e+00 6.619911444673218792e-01
-3.166560537431994948e+00 -2.762479852780371115e+00 -1.250728026004105597e+00 -4.311814609651406505e-01 2.956984788274505505e+00 9.656134427896199135e-01 -4.560624390100281866e-01 2.211558266131734118e+00 -2.426625030907191505e+00 6.665095083643154394e-01
-3.166841588132387031e+00 -2.760111618566866376e+00 -1.246456817915130522e+00 2.955479779740420199e+00 9.702026912720470575e-01 -4.514998083729785949e-01 2.214824982238552842e+00 -2.423655085654885966e+00 6.710264065632901564e-01 0.000000000000000000e+00
-3.167115852177530222e+00 -2.757737495652119453e+00 -1.242182995637468590e+00 2.953968254948985628e+00 9.747896817496107813e-01 -4.469362257241221714e-01 2.218087075665859942e+00 -2.420680119427018440e+00 6.755418294487745001e-01 0.000000000000000000e+00
-3.167383327871358567e+00 -2.755357489034377494e+00 -1.237906567853450435e+00 2.952450217062619675e+00 9.793744038893956727e-01 -4.423717002286188804e-01 2.221344539080410740e+00 -2.417700138313042757e+00 6.800557674088334448e-01 0.000000000000000000e+00
-3.167644013532465941e+00 -2.752971603724547744e+00 -1.233627543250626957e+00 2.950925669259617745e+00 9.839568473650643909e-01 -4.378062410535569215e-01 2.224597365158004880e+00 -2.414715148411966883e+00 6.845682108350896744e-01 0.000000000000000000e+00
-3.167897907494126919e+00 -2.750579844746196212e+00 -1.229345930521755781e+00 2.949394614734155429e+00 9.885370018568871986e-01 -4.332398573679384635e-01 2.227845546583509861e+00 -2.411725155832342260e+00 -2.955082363003563639e+00 6.890791501227456761e-01
-3.168145008104306992e+00 -2.748182217135528127e+00 -1.225061738364782382e+00 2.947857056696271183e+00 9.931148570517643881e-01 -4.286725583426645447e-01 2.231089076050878806e+00 -2.408730166692252261e+00 -2.956975395563911757e+00 6.935885756706011707e-01
-3.168385313725673669e+00 -2.745778725941380838e+00 -1.220774975482828983e+00 2.946312998371875658e+00 -4.241043531505199193e-01 2.234327946263165554e+00 -2.405730187119301089e+00 -2.958862127059294522e+00 6.980964778810759830e-01 0.000000000000000000e+00
-3.168618822735613350e+00 -2.743369376225218037e+00 -1.216485650584177236e+00 2.944762443002727714e+00 -4.195352509661580132e-01 2.237562149932549538e+00 -2.402725223250601783e+00 -2.960742553495250284e+00 7.026028471602295822e-01 0.000000000000000000e+00
-3.168845533526239766e+00 -2.740954173061110666e+00 -1.212193772382252677e+00 2.943205393846439755e+00 -4.149652609660848812e-01 2.240791679780348655e+00 -2.399715281232765118e+00 -2.962616670890815929e+00 7.071076739177809545e-01 0.000000000000000000e+00
-3.169065444504410411e+00 -2.738533121535732029e+00 -1.207899349595609850e+00 2.941641854176465287e+00 -4.103943923286458295e-01 2.244016528537041921e+00 -2.396700367221888950e+00 -2.964484475278535314e+00 7.116109485671295865e-01 0.000000000000000000e+00
-3.169278554091740308e+00 -2.736106226748348025e+00 -1.203602390947919432e+00 2.940071827282097594e+00 -4.058226542340089837e-01 2.247236688942287230e+00 -2.393680487383549327e+00 -2.966345962704472594e+00 7.161126615253756711e-01 0.000000000000000000e+00
-3.169484860724615771e+00 -2.733673493810805155e+00 -1.199302905167949573e+00 2.938495316468461294e+00 -4.012500558641509674e-01 2.250452153744943118e+00 -2.390655647892787172e+00 -2.968201129228220214e+00 7.206128032133417571e-01 0.000000000000000000e+00
-3.169684362854200188e+00 -2.731234927847516314e+00 -1.195000900989551695e+00 2.936912325056499018e+00 -3.966766064028408589e-01 2.253662915703080305e+00 -2.387625854934093184e+00 -2.970049970922897131e+00 7.251113640555892914e-01 0.000000000000000000e+00
-3.169877058946457993e+00 -2.728790533995455458e+00 -1.190696387151646496e+00 2.935322856382976742e+00 -3.921023150356259257e-01 2.256868967584005681e+00 -2.384591114701403836e+00 -2.971892483875171020e+00 7.296083344804439319e-01 0.000000000000000000e+00
-3.170062947482159998e+00 -2.726340317404147839e+00 -1.186389372398209074e+00 2.933726913800468683e+00 -3.875271909498166356e-01 2.260070302164283174e+00 -2.381551433398088502e+00 -2.973728664185258275e+00 7.341037049200123121e-01 0.000000000000000000e+00
-3.170242026956897607e+00 -2.723884283235653569e+00 -1.182079865478250724e+00 2.932124500677351087e+00 -3.829512433344705036e-01 2.263266912229746186e+00 -2.378506817236933912e+00 -2.975558507966932886e+00 7.385974658102034685e-01 0.000000000000000000e+00
-3.170414295881100575e+00 -2.721422436664560962e+00 -1.177767875145806942e+00 2.930515620397798671e+00 -3.783744813803782137e-01 2.266458790575524240e+00 -2.375457272440135714e+00 -2.977382011347537993e+00 7.430896075907498233e-01 0.000000000000000000e+00
